0	1	0.872147579299002
1	1	0.9334185622317529
1	1	0.4332722033372153
1	1	0.39949708345307217
0	1	0.47170863864152623
0	1	0.627532736735588
0	1	0.7178547570113845
1	1	0.880339551412135
0	1	0.41220732062057514
0	1	0.1253240932816426
1	1	0.78390986546269
0	1	0.2732060442264213
0	1	0.5637588306108321
1	1	0.8256939809636132
0	1	0.35241478473338966
0	1	0.2170014766865878
0	1	0.8045081419772354
1	1	0.568480237209477
0	1	0.24869286586250808
0	1	0.5456772994381511
0	1	0.40017456713651584
1	1	0.6263295738694874
1	1	0.9013824955039422
0	1	0.1437625079773005
0	1	0.22926414876670512
1	1	0.7295530736789325
1	1	0.6446055405378961
0	1	0.6224739265734616
1	1	0.9531441590894928
0	1	0.1054400476091714
0	1	0.5936743126348493
0	1	0.09281395314702705
1	1	0.4723870644475705
1	1	0.24474809653426036
0	1	0.04210627839596845
1	1	0.941693680293295
1	1	0.5154794791934945
1	1	0.7849333803287926
1	1	0.32392517635884366
1	1	0.8334369281175092
1	1	0.7170701346796106
1	1	0.7828192326521056
1	1	0.2231496286512732
0	1	0.5264124722697369
1	1	0.846813301567267
0	1	0.20619207735975598
1	1	0.44757089559432495
1	1	0.8817536143917526
1	1	0.8089132133822232
0	1	0.33745668372197235
1	1	0.4332253313267267
1	1	0.7466491319914423
0	1	0.3085818591864589
1	1	0.32697887951206756
1	1	0.45335462122302456
1	1	0.2538785447470197
1	1	0.6115043171221594
0	1	0.2912527279604872
1	1	0.9645742016443587
0	1	0.24253989316498062
0	1	0.9214811810327231
0	1	0.19336667395080318
0	1	0.07926431271647766
0	1	0.17874836775973765
1	1	0.5547782998909989
1	1	0.5720329094813585
1	1	0.4067121701478268
0	1	0.2048309502096216
1	1	0.4192582837920146
0	1	0.7593285457851174
1	1	0.4129049403492154
0	1	0.1479996713619524
1	1	0.516694856125907
0	1	0.1418745029255695
0	1	0.3388492273506317
0	1	0.6949074363706751
0	1	0.5559794495125375
1	1	0.7651287528583304
0	1	0.6347536359832991
1	1	0.7813880007468881
0	1	0.7315899515924913
0	1	0.10805000441074199
0	1	0.734082507125761
0	1	0.1543057049889573
0	1	0.8849210714437092
1	1	0.3959762524952798
0	1	0.3891503033453287
0	1	0.24119880799060514
0	1	0.15707370781039542
1	1	0.14831996705163508
1	1	0.8128489173887852
0	1	0.23260288649504382
1	1	0.2304638025935798
1	1	0.7039990762830554
1	1	0.7370441953906878
1	1	0.8850744183449656
0	1	0.2622958107238334
0	1	0.6645586335513826
0	1	0.10008517153471601
0	1	0.21321412743476914
0	1	0.2170014766865878
1	1	0.854873760110351
0	1	0.6900293209841402
0	1	0.1700609710464429
1	1	0.7464549955745484
0	1	0.2646683397574893
1	1	0.8469457211670512
1	1	0.9455507286717503
1	1	0.9780458245634978
0	1	0.315897495795952
1	1	0.6760369299630887
0	1	0.8291085475797726
1	1	0.42444613694982364
1	1	0.6639214432198884
0	1	0.40039774988347515
1	1	0.9670654691208378
1	1	0.8139850879928844
0	1	0.13107801372807895
0	1	0.3637891848603721
1	1	0.37683290117224555
0	1	0.5729675824729126
1	1	0.8789699015578156
0	1	0.30820731020445874
1	1	0.7059312380097423
1	1	0.8726699135118804
0	1	0.548591914780584
0	1	0.20776151592239667
1	1	0.3326577726200061
1	1	0.8730589032760494
0	1	0.19157579287401377
1	1	0.4637275030022633
0	1	0.36521540325146484
0	1	0.8369900277121605
0	1	0.3555994266069606
1	1	0.5644338063387153
1	1	0.8641980926426682
1	1	0.24351374442596674
0	1	0.7881541377636782
1	1	0.8755005715131313
1	1	0.8785899058467336
0	1	0.7185000058770284
0	1	0.2293745365234038
0	1	0.05203166758022925
0	1	0.13961593401529926
1	1	0.2225210205076015
1	1	0.10443021388946397
1	1	0.8378566188052403
0	1	0.38360246432558587
1	1	0.5872463072319644
0	1	0.3682247547395032
0	1	0.202141328300106
1	1	0.8555294639114541
0	1	0.445470727222163
1	1	0.2728925500554035
0	1	0.0769690248958361
0	1	0.34229133988180793
0	1	0.8609090848917871
1	1	0.9148077500459932
1	1	0.2579074405264633
1	1	0.884482672256752
0	1	0.2906143126608559
1	1	0.5391502843385663
1	1	0.9065700162328048
0	1	0.7503590849059306
0	1	0.18642376762864357
1	1	0.8018782203003323
1	1	0.8981429353325131
1	1	0.7802958832554322
0	1	0.608924406231371
0	1	0.12036014463256574
0	1	0.08852252889195177
1	1	0.6746541969027404
0	1	0.7601898735438245
0	1	0.20395529328802806
1	1	0.816538308965924
0	1	0.29214847400670235
1	1	0.5451311586935317
1	1	0.6622081235699012
1	1	0.45383223091198277
0	1	0.21746126334277538
0	1	0.21721833815748978
0	1	0.2978939318821981
0	1	0.1710027848482946
1	1	0.9613560411317147
1	1	0.418057582364623
1	1	0.9368686057381587
0	1	0.3039860092728846
0	1	0.22051598077741993
0	1	0.24663633605005103
1	1	0.7028158329352255
0	1	0.24317873537218793
0	1	0.9244516477920071
1	1	0.8393296588728681
1	1	0.1887557803896068
1	1	0.6659625077454512
1	1	0.5641951067222187
0	1	0.6135089860101746
0	1	0.5485530209086037
1	1	0.8915381049931578
0	1	0.4535637767053802
0	1	0.8309654409180879
1	1	0.8652189559951331
0	1	0.307155768988254
0	1	0.8876942804843223
0	1	0.18889954994029035
1	1	0.6460232682401684
0	1	0.5478693744870992
1	1	0.9767991322757176
1	1	0.610396849493054
0	1	0.18943159808057244
1	1	0.1362890276929796
0	1	0.5024303488025431
1	1	0.8918696819654269
1	1	0.8199570113719813
1	1	0.9362379560127748
0	1	0.8674143742844319
1	1	0.7888376411223378
1	1	0.8766981545889332
1	1	0.9684369172256171
0	1	0.9112329421319563
0	1	0.16182130255063576
1	1	0.2602006482247281
1	1	0.4757808968280379
0	1	0.17279839313907797
0	1	0.3266581119556898
1	1	0.5690304226244577
1	1	0.9931451269241901
1	1	0.9008009831380607
1	1	0.19291214779111462
1	1	0.3263446345949612
1	1	0.9386484067361882
1	1	0.8116722871347714
1	1	0.8411955950624038
1	1	0.8226977569267189
0	1	0.011726591753819427
1	1	0.2528371961293226
0	1	0.21457860400096626
0	1	0.31907686075540187
1	1	0.8361034853097185
1	1	0.5703500489455022
0	1	0.20565832267593878
1	1	0.25502487770831683
1	1	0.9247637777998412
0	1	0.23012331749069764
1	1	0.5036903626191814
0	1	0.17994252851076017
0	1	0.6556959149437069
1	1	0.9548739987712296
0	1	0.342094486533062
0	1	0.4584513908640962
0	1	0.14204262595617032
1	1	0.7818935138620831
1	1	0.8964231422283148
1	1	0.8952673616515999
0	1	0.11721786378019158
0	1	0.24297916824212487
1	1	0.9315014389029661
1	1	0.6220634184497056
1	1	0.47314050899452714
0	1	0.6368580714111985
0	1	0.5493489260850668
0	1	0.1530343486207785
0	1	0.7603537423664648
1	1	0.3463967159777942
1	1	0.3920328327504786
1	1	0.4323309094367598
0	1	0.5157978285345114
0	1	0.06812462415598758
1	1	0.21347647279584703
1	1	0.554792178295476
0	1	0.06309378648799552
1	1	0.7157041994894812
1	1	0.8121797823562795
0	1	0.22617599744944644
1	1	0.3829831248841907
1	1	0.6305381140268954
0	1	0.5969522791356613
0	1	0.40657790421223466
1	1	0.7477291304562338
0	1	0.5226393791102877
1	1	0.8112752237555729
1	1	0.3274114528093603
1	1	0.7594995891220866
0	1	0.9166954869967205
1	1	0.6360188708887365
0	1	0.7453175011432145
1	1	0.9001431939534769
1	1	0.9032741422783113
1	1	0.4717774017055349
1	1	0.8231293813989929
0	1	0.5634629775486963
0	1	0.2619239740637843
1	1	0.4093071446721224
0	1	0.15148916159633585
0	1	0.3072737073083594
1	1	0.9102004612241131
0	1	0.7716140729695693
1	1	0.9124670087581319
0	1	0.2875668000032921
0	1	0.9228933543016188
0	1	0.2890264316511507
1	1	0.6815640049376825
0	1	0.5805996844753537
1	1	0.6096486442528682
0	1	0.5473133142765221
0	1	0.1944122794998574
0	1	0.36876345759946616
0	1	0.36043972481743386
0	1	0.6141009422287428
1	1	0.9007656635245143
0	1	0.12590553944130967
1	1	0.8812052344811959
1	1	0.3537612793074083
0	1	0.1517031658109451
0	1	0.6362472708442849
1	1	0.30435676341359863
0	1	0.5216446602055311
0	1	0.515820295216616
0	1	0.49295667882172806
0	1	0.7361036832126034
0	1	0.9858614376520315
1	1	0.6986661088057343
0	1	0.14841776809016094
1	1	0.4595435033344368
1	1	0.9173012270244983
1	1	0.8284687206173198
0	1	0.6545129936842585
1	1	0.5587247369368948
1	1	0.05490436951936732
1	1	0.27418397022919583
0	1	0.8759693957174856
0	1	0.07330435907324044
1	1	0.8497918574768466
0	1	0.08591860733743528
1	1	0.5313825716165883
1	1	0.1228659148754521
1	1	0.7054558613198901
0	1	0.03745586045680551
1	1	0.644046428615844
0	1	0.39922229478702964
1	1	0.3082748694705547
0	1	0.4048981789217002
1	1	0.9753815165610259
0	1	0.06189600903370539
1	1	0.7409067360287293
0	1	0.29514954056091786
0	1	0.22315167914043765
1	1	0.310666372801265
0	1	0.21502268454753773
1	1	0.7533606031895204
1	1	0.7960514462824785
0	1	0.4333874497931162
0	1	0.2620165551964581
1	1	0.2016742877309595
0	1	0.23120227563105086
1	1	0.8312021758098751
0	1	0.2834380427296877
1	1	0.904351396290432
0	1	0.24388408022152405
1	1	0.5372491756116389
1	1	0.45630546792183474
1	1	0.4077266441362574
0	1	0.41037689021249507
0	1	0.02143377629729517
0	1	0.23070828691229345
0	1	0.33074099897293663
0	1	0.5940623683066779
0	1	0.3683100561938941
1	1	0.8623427199895989
1	1	0.7901047135406447
1	1	0.4876301731586233
0	1	0.11567515633841192
0	1	0.4959876396448157
1	1	0.8517233519568226
1	1	0.7630280013996913
0	1	0.48307059926323387
1	1	0.2726898948286408
0	1	0.8326695332087667
0	1	0.020211735712763843
1	1	0.7370607855645412
1	1	0.6357928565441318
1	1	0.7793101619969394
0	1	0.3313678869295371
0	1	0.22668038710383026
1	1	0.997645525775758
0	1	0.08875775955150941
0	1	0.43926477257517893
0	1	0.4442520713774613
1	1	0.9366094933679459
0	1	0.24080702611694843
1	1	0.23394805471368385
1	1	0.42814844075037717
0	1	0.2532839884551473
1	1	0.24550824056094678
1	1	0.8773853660577922
1	1	0.7246708663445699
0	1	0.3867899736345888
0	1	0.2979814585880237
1	1	0.8871937780652625
1	1	0.24808224707681265
0	1	0.7677113535013421
0	1	0.20446267546044383
0	1	0.3368841225460459
0	1	0.7097063818604281
1	1	0.5894905489094912
0	1	0.1427782712481724
1	1	0.3867414670454296
0	1	0.2792084140392364
1	1	0.8363369613194944
0	1	0.3917377377684603
1	1	0.747634700093156
1	1	0.7320353924569835
1	1	0.9003280418723849
1	1	0.6006017997602475
0	1	0.07009285997888894
0	1	0.18848381454154073
1	1	0.5885407058033333
1	1	0.48817855673103033
1	1	0.4587550823079844
1	1	0.8395028143946863
1	1	0.9580286434551798
0	1	0.31011626306820356
1	1	0.1827922399427802
0	1	0.9333750764292919
0	1	0.4998433457275343
0	1	0.6852258199754917
0	1	0.9629183659647753
1	1	0.7156430834634735
0	1	0.8580805131346583
1	1	0.48093878225568515
0	1	0.36349570748769633
0	1	0.14067951765380982
1	1	0.4632012997850256
1	1	0.3216057204209568
1	1	0.9652607213883928
0	1	0.10474966331727772
0	1	0.45948862197954293
1	1	0.9009457812905248
1	1	0.6566422581555345
0	1	0.6770817418069932
0	1	0.22164840443952907
0	1	0.5636940541013175
1	1	0.42741666888087126
0	1	0.713481700797361
0	1	0.6025852447291155
0	1	0.37631583198524376
0	1	0.0667949768735759
1	1	0.6395399890719419
1	1	0.7096589651105728
0	1	0.2892058859043901
1	1	0.6664661180632789
1	1	0.7580078999236892
0	1	0.00806366148554542
1	1	0.9501511742059731
1	1	0.9628212002608953
0	1	0.1694386951259709
0	1	0.10036315766044909
0	1	0.23013110710005197
0	1	0.4117942155527626
0	1	0.5203926689245747
0	1	0.2158055105618722
0	1	0.45497840982700766
1	1	0.9103427361719002
1	1	0.6719113168132886
1	1	0.4834880997348809
0	1	0.5712168758799515
1	1	0.5385803713096844
1	1	0.6263830317640448
1	1	0.5162387353360816
0	1	0.6359239978575403
0	1	0.944528671453072
0	1	0.07235044928591565
0	1	0.14880464570269886
0	1	0.21860869041234135
0	1	0.3161229401390388
0	1	0.7622881786867554
0	1	0.24451192560023677
0	1	0.6674401955911415
1	1	0.28516035023932473
1	1	0.9090552522168669
1	1	0.6631447642113704
1	1	0.6806825558579209
0	1	0.4933528705151362
0	1	0.26889200700560817
0	1	0.3721998610249843
1	1	0.8954734241681258
1	1	0.8421489208376584
0	1	0.3126268454415902
1	1	0.9140036013941424
1	1	0.42814933067842237
0	1	0.5435114917956592
1	1	0.5764457572299094
0	1	0.3372242199264263
0	1	0.16037865374403135
0	1	0.08034181713821094
1	1	0.8497998735079894
0	1	0.13434375934777798
0	1	0.2170014766865878
1	1	0.947460903901815
0	1	0.3410640447663402
1	1	0.6181279155035789
1	1	0.6394434840047049
0	1	0.44760947900470327
1	1	0.2820548651833436
0	1	0.5863687748840827
1	1	0.6571738874180096
0	1	0.27672376938587423
1	1	0.4387678639424492
0	1	0.10142519167960289
0	1	0.3302313948298394
0	1	0.46148894097258325
0	1	0.10962982163313197
0	1	0.697329261019975
1	1	0.586833187516928
0	1	0.09436587004854272
0	1	0.43206123835143107
1	1	0.6904613225475992
0	1	0.11334301901255382
1	1	0.2359850771668917
1	1	0.9819769869995519
0	1	0.2638718769218406
1	1	0.6730367305894438
1	1	0.9207134431912469
0	1	0.052454959854392635
0	1	0.6230279565043333
1	1	0.8833487766940448
0	1	0.14741351673894085
1	1	0.8965615076016451
0	1	0.4548575464787502
0	1	0.9289628319494209
0	1	0.04902574754785663
1	1	0.8340368026507683
1	1	0.31470331337617546
0	1	0.7100181480263138
0	1	0.096287649029382
0	1	0.21278749812784342
0	1	0.35048817894961365
0	1	0.15292846099044113
0	1	0.0783181341598977
0	1	0.13965498470544083
0	1	0.13882429793066278
0	1	0.05353728365727751
1	1	0.8977583006332566
0	1	0.30541904060431335
1	1	0.16289696275743668
0	1	0.15216754714369093
1	1	0.7831246762862117
1	1	0.7948851976459848
0	1	0.20160553909838072
0	1	0.43880403958956726
1	1	0.8358442074701322
1	1	0.7005217710500453
1	1	0.5874650276631045
1	1	0.9991721969023135
1	1	0.5733455631146188
1	1	0.41617183154686943
1	1	0.8224632315913443
0	1	0.6944769126248312
0	1	0.3999683936972811
1	1	0.9940950060219025
0	1	0.09152881970151851
0	1	0.514053719654551
1	1	0.8541719047542663
1	1	0.7005565018379497
1	1	0.5113129968160313
1	1	0.5518421687740424
0	1	0.5253095176743621
0	1	0.5435738363977526
1	1	0.6088175854854585
1	1	0.7075253046700403
1	1	0.17847525399527547
1	1	0.21710153578575545
0	1	0.8641013493562457
1	1	0.983934148994533
1	1	0.5435292501947467
0	1	0.17440525036401733
1	1	0.5917346101868357
1	1	0.3639580519099829
0	1	0.38557957759716194
1	1	0.4704100391770879
1	1	0.9320938385196696
0	1	0.5632567890319844
0	1	0.37756609893268794
1	1	0.9889595335244141
0	1	0.10553126556740218
1	1	0.6220742374090371
1	1	0.780698511903125
1	1	0.16105391530843713
0	1	0.3954061054854169
0	1	0.5332989439518196
0	1	0.33883330217864177
1	1	0.4480068338975324
1	1	0.8979846870162571
0	1	0.22567759891123504
0	1	0.34996478759503313
0	1	0.28464642874302887
1	1	0.6976795516725511
0	1	0.17181733307264593
0	1	0.29648732115632975
1	1	0.722745910170114
0	1	0.749281467979837
0	1	0.16626138594286985
1	1	0.9707708169817937
0	1	0.04914567206777676
1	1	0.8339887371577325
0	1	0.17028633754847677
1	1	0.6973254762427763
1	1	0.9885818303180631
0	1	0.04963355691191407
1	1	0.4513478244377677
1	1	0.8660689521423051
0	1	0.007490869035910512
1	1	0.7835831429380884
1	1	0.67140705620486
1	1	0.9333637813389299
1	1	0.09632626467064584
0	1	0.7929291642241749
1	1	0.8639048313659969
0	1	0.044380239780615095
1	1	0.955056722892637
1	1	0.6750903139879044
1	1	0.7442583877971071
1	1	0.9181774740259249
1	1	0.6216884371563361
1	1	0.7437549547695086
0	1	0.7093992993326435
0	1	0.4246117862622133
0	1	0.4235745508961133
0	1	0.035585221678953456
0	1	0.7752402618094116
1	1	0.9161733457282025
0	1	0.36533299086029486
0	1	0.79253529911312
0	1	0.032843949598424536
1	1	0.519702315111322
1	1	0.38043968373245163
0	1	0.8012749764906425
0	1	0.2314155566619315
0	1	0.6326771288992887
1	1	0.9346656915410319
1	1	0.832234858732744
1	1	0.4027711713818036
1	1	0.6310000039413891
1	1	0.9767869145038709
1	1	0.9734892200759325
0	1	0.5363182638356647
0	1	0.44403622071746096
1	1	0.7293361304123377
1	1	0.17740126957622876
1	1	0.760836466796342
0	1	0.5126308177466501
0	1	0.3671511677027952
0	1	0.2735498828393358
0	1	0.8098234908145754
0	1	0.7023186486689532
0	1	0.2500819978719268
1	1	0.709901902233258
0	1	0.9719588665025491
1	1	0.9212578983475952
0	1	0.8472425025933548
0	1	0.6563424979477485
1	1	0.8990388842570468
0	1	0.03610535388124129
0	1	0.7295205479934491
1	1	0.9291203602454702
1	1	0.5261717131825365
1	1	0.3316161938441816
1	1	0.8829656443289254
1	1	0.23973299549817967
0	1	0.8181788622614734
1	1	0.7033097746462376
0	1	0.20805102733499012
1	1	0.8979840402694693
1	1	0.24696710643866795
1	1	0.5955713984901048
1	1	0.23736302255340208
1	1	0.4288801119606483
0	1	0.14517934902903606
1	1	0.9539971291836526
1	1	0.9023158630820617
1	1	0.7893728017870363
0	1	0.07020385647123889
0	1	0.2692481590028932
0	1	0.21234462094680218
1	1	0.511561559262158
1	1	0.9084587224940386
0	1	0.004923742741731656
1	1	0.8999262764735109
0	1	0.07217118930126158
0	1	0.1305758028873092
0	1	0.13717824611097632
0	1	0.5278188003556762
0	1	0.23744974097428506
0	1	0.9487400303491548
0	1	0.490324137875856
0	1	0.49865126859042874
0	1	0.8308317736293881
0	1	0.4339002807658624
0	1	0.22676293141016696
0	1	0.17144389253224926
0	1	0.8409438255808545
0	1	0.39540343102938025
0	1	0.24044184069172642
1	1	0.6338836123948307
1	1	0.3810362354857585
1	1	0.7490124385008617
1	1	0.5465206045984471
0	1	0.7585075307679632
0	1	0.6211957865349131
0	1	0.10473419825510162
1	1	0.9653154231409603
0	1	0.2542447743332845
1	1	0.681486342893987
1	1	0.6658852822446493
1	1	0.8283205401717538
0	1	0.5122732920185853
0	1	0.5198644099958948
0	1	0.3934488611138655
1	1	0.45092463135092675
1	1	0.8046646974170176
0	1	0.6545857795489768
1	1	0.7464799089970215
1	1	0.9983197181173867
0	1	0.72886235519782
1	1	0.7503638624493179
0	1	0.14610029105530115
0	1	0.9727465245313741
0	1	0.21286288027412456
0	1	0.20835795268303273
1	1	0.3335650735213739
0	1	0.015804034368579186
1	1	0.9103631183539254
0	1	0.22164390754954671
0	1	0.06279251197116363
0	1	0.3272583979863597
1	1	0.029272683923212153
1	1	0.7699846229104563
0	1	0.1412297146031546
1	1	0.6112910892740684
0	1	0.06577102384814636
0	1	0.520049122304542
0	1	0.023206063933168354
0	1	0.3445333047320075
0	1	0.5002660912047049
1	1	0.7410792927391485
0	1	0.3445116028929284
0	1	0.07999435001701709
0	1	0.12579422033822937
1	1	0.5054510893714366
1	1	0.3197262872063709
0	1	0.05743301640624337
0	1	0.6157158103696453
0	1	0.21930786776655264
0	1	0.3347235375773427
0	1	0.4767831750117858
1	1	0.20127625942578165
0	1	0.8105390568201698
1	1	0.5493688321120382
0	1	0.2819334305070878
0	1	0.4302956737303852
1	1	0.37968486147149333
0	1	0.07123877755119917
0	1	0.44105224693385375
1	1	0.06712052233975337
1	1	0.4103585037183348
0	1	0.5385683652005009
0	1	0.17493400516319074
1	1	0.6138535403755778
1	1	0.1051404023792924
0	1	0.07460207187494197
0	1	0.42542639748522165
0	1	0.6321255291175324
1	1	0.39352230679144484
0	1	0.3854407771285451
1	1	0.9161469232308712
1	1	0.18016782845235135
1	1	0.33207012630190386
0	1	0.2421483004880317
1	1	0.7819449112047087
1	1	0.9792544280620898
1	1	0.4716798519264342
0	1	0.7464981207199063
1	1	0.5840463325066545
1	1	0.882848206504939
1	1	0.802355069851001
1	1	0.6030505067503434
0	1	0.24204440186457385
0	1	0.58860995467725
1	1	0.9825552520151707
0	1	0.22901735690428612
0	1	0.10334976152794222
0	1	0.6704089545614954
1	1	0.48418955404894776
1	1	0.3972981728927525
1	1	0.8238080373739449
0	1	0.4127368452848091
1	1	0.47710433244210015
1	1	0.7081806126377325
0	1	0.3464943031594146
0	1	0.2789258167886731
1	1	0.7948238251241863
0	1	0.16506626366843818
0	1	0.5982187082290958
1	1	0.5706778847947447
0	1	0.42490796212991827
0	1	0.7413412259916681
0	1	0.33424888776087075
1	1	0.8426034109516178
0	1	0.2630536786841471
1	1	0.7421597647469468
0	1	0.9471283052113066
1	1	0.5867679868249225
1	1	0.9276455930366716
0	1	0.4196762314105515
0	1	0.2055553365568986
1	1	0.7637980730791294
0	1	0.3492949029987843
1	1	0.6443682782063608
0	1	0.47449975939774763
1	1	0.9399349256453275
0	1	0.19077727737615444
1	1	0.8630820031880615
1	1	0.9525877041093886
1	1	0.9045999451244595
1	1	0.28308042067939393
0	1	0.48283036119231604
0	1	0.31082285795168774
1	1	0.7701329958275336
1	1	0.8530002588038352
0	1	0.2704538960440989
0	1	0.46467098140349494
1	1	0.208116893831911
0	1	0.11949678528837022
0	1	0.5794488459612734
1	1	0.7133034396528717
0	1	0.2707171822476301
1	1	0.48202060103313243
1	1	0.9577046960461862
0	1	0.22187908737399378
1	1	0.1550397688173507
0	1	0.4392657011163109
0	1	0.911070991786006
0	1	0.26596492499686747
0	1	0.3562295894514266
0	1	0.2273353696634327
0	1	0.6334986531495185
0	1	0.14844828723312176
0	1	0.3777475429244243
0	1	0.23310125864973907
1	1	0.9417714208892215
0	1	0.5514923135635252
1	1	0.25241248384504
0	1	0.18783552529423625
1	1	0.06691492299362103
1	1	0.612019805675107
1	1	0.7637071903059212
1	1	0.815076795922888
0	1	0.028410086758085613
0	1	0.6286430797249947
0	1	0.11023347016371869
0	1	0.319638968695434
0	1	0.21551731878981856
1	1	0.308238820296506
1	1	0.145235712874374
0	1	0.20104501300069152
1	1	0.8155206238397398
0	1	0.13027915533975498
0	1	0.3191590514631662
1	1	0.7873800586553263
0	1	0.14815017770126793
1	1	0.7207711665617981
1	1	0.7172872709868672
0	1	0.7265503195336537
0	1	0.20725857084183943
0	1	0.0924332244511015
0	1	0.7843787925941315
0	1	0.2662020684529521
1	1	0.5550715651727971
0	1	0.06347203310835231
0	1	0.1383916616877535
1	1	0.9990238985744344
0	1	0.6241000089508192
0	1	0.26893460804166114
0	1	0.20758023164164058
1	1	0.9724799585826001
1	1	0.8692622660632039
0	1	0.07441991745204675
0	1	0.25306772815577294
0	1	0.49607238676539944
0	1	0.35294568659348413
0	1	0.07987392622169959
1	1	0.3658386162224102
1	1	0.5293321227440307
1	1	0.44524361164122567
1	1	0.35619137841184734
0	1	0.18491084482532955
0	1	0.22494333456834567
0	1	0.7145649719920686
1	1	0.6975769467271331
1	1	0.8942601065463438
0	1	0.41440314949680346
1	1	0.8687562478532529
0	1	0.517052053335693
0	1	0.3162531764180351
1	1	0.8520284330545467
0	1	0.17119059228299924
1	1	0.6613429117704818
0	1	0.8430211335654826
1	1	0.8506032435488909
0	1	0.2043153501717425
0	1	0.8411207861919193
0	1	0.45091487536633995
0	1	0.14955136599348823
1	1	0.691543416289365
1	1	0.8320343682053131
1	1	0.8493098172285389
0	1	0.38472435379569314
1	1	0.864795585155047
0	1	0.3582919552056142
1	1	0.6565537133849613
0	1	0.7606253166174864
1	1	0.5703795346895758
0	1	0.31433979731291295
1	1	0.6808184430541634
1	1	0.6665595409472975
1	1	0.28680606042399454
0	1	0.551331425235787
1	1	0.06751463409525231
1	1	0.913413428707027
1	1	0.9068654673378864
1	1	0.2745998962859312
0	1	0.1844722298206007
1	1	0.44714375626312186
1	1	0.9445719425195175
0	1	0.03266278232162934
0	1	0.3566024880403435
1	1	0.5440630248842832
1	1	0.16412192081638122
0	1	0.49261765736000873
0	1	0.22798290940992375
1	1	0.6483337945459527
1	1	0.8241580205403984
0	1	0.43098659129903305
0	1	0.04885512964425991
0	1	0.49753000328022284
0	1	0.14758666408313545
1	1	0.15597937359216024
0	1	0.037190291711323785
0	1	0.18388322567249324
0	1	0.5443516648681966
1	1	0.7417795061977798
0	1	0.29740214103436835
1	1	0.5322761095548502
1	1	0.8895562536910968
0	1	0.898838605690143
0	1	0.21683150297286133
1	1	0.6426672305815069
0	1	0.49207039706171457
1	1	0.4923687069950637
1	1	0.6863653694097706
1	1	0.9452883181610072
0	1	0.2452136676122823
0	1	0.4341059961354067
0	1	0.23241284459905015
0	1	0.4987357786617667
0	1	0.645417456829052
1	1	0.518699893112297
0	1	0.42188749392764385
0	1	0.09656690017720333
0	1	0.5652606240392518
1	1	0.8673726006112673
1	1	0.7319232809563327
0	1	0.157952756344559
0	1	0.41075377813508035
1	1	0.2115396160672703
1	1	0.28065880956597516
1	1	0.5094264361804589
1	1	0.7728955273494873
1	1	0.39413539236137396
1	1	0.6438530054393198
0	1	0.762308621005431
1	1	0.8961491473403455
0	1	0.17437677508672503
1	1	0.9286885564727091
1	1	0.6425034540918966
0	1	0.19348051990414433
1	1	0.7956485249391184
0	1	0.6216838497307041
0	1	0.7374982658980913
1	1	0.45848812559178087
0	1	0.23507680072750162
0	1	0.643780503404921
0	1	0.8058706041911482
1	1	0.3080062689628594
1	1	0.20795200962973262
1	1	0.2695404792020103
0	1	0.9282605552812778
1	1	0.9374969163462361
1	1	0.9277732826792763
0	1	0.7694814447452458
1	1	0.849919922457655
1	1	0.27165390251259475
0	1	0.4573433494220243
1	1	0.6739356539319046
0	1	0.06913831619321947
1	1	0.7339640234532065
1	1	0.3099192508090696
1	1	0.6572762664894629
0	1	0.1889920150558052
1	1	0.1291293383228715
0	1	0.5377850270015351
1	1	0.483852549485622
0	1	0.3790931392036709
1	1	0.9483421585296278
0	1	0.29781371994419953
0	1	0.22742186867707906
1	1	0.8906665217731075
0	1	0.26937692216156095
0	1	0.08384346181922103
0	1	0.03997619759080154
0	1	0.09285665760224922
1	1	0.5358511471677045
1	1	0.42139921579569956
0	1	0.6986876157676903
0	1	0.13437286300119528
1	1	0.08095672552197646
0	1	0.097518013805534
1	1	0.5622817544735482
1	1	0.11670273153405518
1	1	0.9833791483634348
0	1	0.08517311632932702
0	1	0.2170014766865878
0	1	0.18161378675478196
0	1	0.6685489849496762
1	1	0.31994557671297635
1	1	0.6616755318661426
0	1	0.3646936242330709
0	1	0.31428924056229823
0	1	0.2917846601522672
1	1	0.2588061062020053
1	1	0.4893601956421379
1	1	0.12374495112597847
1	1	0.8500200533973333
1	1	0.5408919760844996
0	1	0.38020684401807636
0	1	0.3067027521171235
1	1	0.4302110825753265
1	1	0.965193577397404
0	1	0.69907347287519
0	1	0.03892970209217328
1	1	0.8289879465347059
1	1	0.10752674977341325
1	1	0.8755891856352892
0	1	0.4066060887870749
1	1	0.9970106891531352
0	1	0.17202949146752683
0	1	0.29414264621203595
1	1	0.5457806606715233
1	1	0.9934460826778266
1	1	0.818333403290633
0	1	0.4633484535543798
1	1	0.5736151770895072
0	1	0.9398139385346073
0	1	0.011429229459217751
0	1	0.1639969961541087
0	1	0.6058673961256503
0	1	0.38203425362434457
0	1	0.3200227372062503
1	1	0.513600645728276
1	1	0.9861297227266678
0	1	0.4185779872787874
0	1	0.13362862652982194
0	1	0.0061400505373051546
1	1	0.6389154113956432
0	1	0.55412432045224
0	1	0.2189792923579855
1	1	0.9655006703302972
1	1	0.7874332295837311
0	1	0.20143043654650555
1	1	0.7292803085243245
0	1	0.7886533833480583
1	1	0.6245837562078415
1	1	0.986142370873261
0	1	0.25259420641024355
0	1	0.16189418802792988
1	1	0.9680103625817446
0	1	0.5239712612340897
0	1	0.28740801141313266
1	1	0.9383481524372387
1	1	0.46335532146608926
0	1	0.6824768798616337
1	1	0.3274980173739458
0	1	0.2625379470911162
1	1	0.7494362505909661
1	1	0.9842523233696245
1	1	0.429408520768331
1	1	0.5902995958860484
1	1	0.40932771393026934
1	1	0.5429097900631675
0	1	0.5485890262771659
0	1	0.15776974082494452
0	1	0.29665416724465893
0	1	0.8271350945190606
1	1	0.5167255564957723
0	1	0.18945225875564067
0	1	0.5740434705100627
1	1	0.9932299523707605
1	1	0.5262270313459696
0	1	0.17127035517167757
0	1	0.15990656325621874
1	1	0.7492172027249246
1	1	0.8692807148873819
1	1	0.6282382946747019
1	1	0.4219428431329617
0	1	0.9153139913768504
1	1	0.7429330666723766
0	1	0.6177612204018965
1	1	0.7763836081554046
0	1	0.5687716071466812
1	1	0.9514653027330809
0	1	0.15444402729382448
0	1	0.43060987274611384
0	1	0.24598730151636042
0	1	0.8785530781452282
1	1	0.6630014285856853
1	1	0.9117390493849991
0	1	0.48530890491788187
0	1	0.08270052610855402
1	1	0.523638065264208
1	1	0.2170014766865878
0	1	0.027423217713156343
1	1	0.17765995447398736
0	1	0.04945288253157041
1	1	0.6848120505012342
1	1	0.07629864871860603
0	1	0.14146831057793238
0	1	0.7091017880718342
0	1	0.3751282633756252
0	1	0.2453949523703152
1	1	0.17066596241299395
1	1	0.4794578963462797
1	1	0.6252537947430468
0	1	0.02142787668847531
1	1	0.5820522982533926
1	1	0.7096972727852657
1	1	0.9375307952497105
0	1	0.4657396973229641
1	1	0.09280007994789512
0	1	0.9501991689653123
1	1	0.5254462753865
1	1	0.4446344549639056
0	1	0.31286672235509094
1	1	0.20605217011190333
1	1	0.7155859907874741
0	1	0.08950295694189449
1	1	0.7443118962230124
1	1	0.5102146371888111
0	1	0.36180853526044965
1	1	0.5315055931427228
0	1	0.36847799277179877
0	1	0.30724316385551126
1	1	0.9495363245448456
0	1	0.1523787672481755
0	1	0.008421060393510794
1	1	0.6623746019870994
0	1	0.5461780853579902
0	1	0.48739784207933273
0	1	0.5332904324823718
1	1	0.9658021891940565
1	1	0.7430894189370382
1	1	0.8389142993071196
0	1	0.878867217595585
1	1	0.495731310120945
1	1	0.6094942344376019
0	1	0.6046489387604282
1	1	0.8827933923961672
0	1	0.8685413115003281
0	1	0.09147584677308239
0	1	0.9804592266807309
1	1	0.6889513948117794
0	1	0.8620185399402902
1	1	0.8865754809644036
1	1	0.9362416541244099
1	1	0.9972859598541902
1	1	0.4016090944578432
0	1	0.2671993105484456
1	1	0.7200169261561964
0	1	0.17959504744487073
0	1	0.17328970230614388
1	1	0.7563123877076772
0	1	0.2744735439387695
0	1	0.12230160478498588
0	1	0.40988710724635397
1	1	0.7391973946130093
0	1	0.7141120900422638
1	1	0.4407935214733333
1	1	0.165103790302769
0	1	0.15176813248781465
0	1	0.28302409741118484
0	1	0.5444685940266935
1	1	0.1813451641193082
1	1	0.4143427329920623
1	1	0.7773833447391445
1	1	0.840573846156593
0	1	0.06382004153534679
0	1	0.10283160680194532
0	1	0.2981326493311967
0	1	0.6237926069742877
1	1	0.2927407365688098
1	1	0.8497991650238313
1	1	0.9654747722873129
0	1	0.18132204727531956
1	1	0.22497389526003123
1	1	0.2410748279204125
1	1	0.8414890884844209
1	1	0.8198717675744883
1	1	0.8912412703923678
1	1	0.39397798002778744
0	1	0.9247600756859045
1	1	0.6079805034086951
0	1	0.558328660730459
1	1	0.539657291290013
0	1	0.9082430024379291
0	1	0.47295055172547457
0	1	0.521507502260104
1	1	0.4717774017055349
1	1	0.5453119647928861
1	1	0.6141205143025015
0	1	0.2031403119884672
1	1	0.5970043391238447
0	1	0.6226652207503228
0	1	0.4768978129862861
0	1	0.5220931369225277
0	1	0.285082056249642
0	1	0.6924585272137479
1	1	0.6081136319476486
0	1	0.33508583688661026
1	1	0.6893574380726128
0	1	0.6179541010085545
1	1	0.9859012926539416
0	1	0.1201267724041094
1	1	0.6418764896973564
0	1	0.9859517342166405
1	1	0.958108024660124
1	1	0.767285878808824
1	1	0.6482299485310583
1	1	0.3947033501862407
0	1	0.06474000370642827
0	1	0.6690194424577126
0	1	0.3451851341075143
0	1	0.07615008799102743
1	1	0.9428846032720353
1	1	0.8224723284691842
0	1	0.23883077851477633
1	1	0.8381715399666709
1	1	0.9942937567247052
1	1	0.9061683507149255
1	1	0.34348370406301576
1	1	0.6186528306356845
1	1	0.39295397513911323
1	1	0.8306321823693232
0	1	0.005932498569971102
0	1	0.37530487936905177
1	1	0.6507011825836817
1	1	0.6448869710654423
1	1	0.599700644863443
0	1	0.7489295480542256
1	1	0.9974773248133055
1	1	0.43892894568625407
1	1	0.9546191997081803
1	1	0.8267330108767372
1	1	0.7957215157430063
1	1	0.31136462607886156
0	1	0.5920402388897402
0	1	0.2022560269569805
0	1	0.8066619730921389
1	1	0.39584960464080393
1	1	0.949050630949175
1	1	0.402458850914007
1	1	0.8744409785825333
1	1	0.8383760842654451
0	1	0.6847335932109943
1	1	0.23555032756609828
1	1	0.7887706740693115
0	1	0.5925001498601291
0	1	0.14130618971335132
1	1	0.7003980985822434
0	1	0.16351170177486052
0	1	0.13502986794444347
1	1	0.9201865519079822
1	1	0.3022124185001421
1	1	0.7974754486055942
0	1	0.12813566575460986
0	1	0.5557857419828641
1	1	0.912081920311439
0	1	0.15373945252290852
0	1	0.17389978377052276
1	1	0.5159002270665533
0	1	0.4353137879385417
0	1	0.42103734522928155
1	1	0.43974131412881345
0	1	0.17120050328491518
1	1	0.8314049143912166
0	1	0.31972840907014716
1	1	0.061390162559381366
0	1	0.6924327134012438
0	1	0.6697614538885583
0	1	0.09803689597081837
0	1	0.03701078433613798
1	1	0.6978871366256617
0	1	0.21670907002645173
1	1	0.49537380969428985
0	1	0.14638356993024296
1	1	0.5285144010958464
1	1	0.15681733459440517
0	1	0.4484960823050644
1	1	0.5847761948582891
0	1	0.12161356302131185
0	1	0.325478113972863
1	1	0.22869991569057535
0	1	0.3217398391617762
0	1	0.5691069266668322
0	1	0.5112781078670172
1	1	0.9851430352846695
1	1	0.676635757069602
1	1	0.8888565968155472
1	1	0.9784390755909116
1	1	0.47847111360342354
0	1	0.1325518557603602
1	1	0.19020965352447777
0	1	0.08103313779898604
0	1	0.12556828416104376
1	1	0.5801717339412241
1	1	0.3347618028388752
0	1	0.3801281114689373
0	1	0.10965904915762846
0	1	0.24728245602218396
0	1	0.4149552633519243
1	1	0.23519991331493603
1	1	0.039408141130396514
0	1	0.5247374077628327
1	1	0.3482659174038768
0	1	0.17887843269316053
0	1	0.04821512425163438
1	1	0.7257571020881424
0	1	0.4072784124822783
1	1	0.8905192570690931
1	1	0.9268596256520852
0	1	0.9265339235681075
0	1	0.45166677097245206
0	1	0.0810485369063088
0	1	0.4034736943575535
1	1	0.8579929684887071
0	1	0.27899304549685794
1	1	0.7266375976726427
0	1	0.48185930067989796
0	1	0.597912692170366
0	1	0.6397036255948967
0	1	0.41203771053281923
1	1	0.5455924134310519
0	1	0.29892440300958106
1	1	0.7163632056530761
0	1	0.17274349145161505
0	1	0.2798790098356431
1	1	0.27516220890139276
0	1	0.2723199267268196
1	1	0.8586658748966942
0	1	0.4743844544605858
0	1	0.07234873194272086
1	1	0.5902214935793187
0	1	0.20725833025682686
0	1	0.4127831120213027
1	1	0.5936554780744361
1	1	0.9990333197451545
0	1	0.261850187159538
0	1	0.8630581159977414
0	1	0.7553211237302542
0	1	0.13333074409091655
1	1	0.5701417596211005
0	1	0.13703409861531335
1	1	0.74813577797107
1	1	0.4330575504871418
1	1	0.8104519752846147
0	1	0.10852171532925692
0	1	0.25222138571174885
1	1	0.48975930200934237
0	1	0.12865617992315243
0	1	0.23780098882377756
0	1	0.04290686355253062
0	1	0.32635782914185835
0	1	0.33404149452482995
1	1	0.10179495832776056
1	1	0.8819702603672892
0	1	0.34797389088274744
0	1	0.047888099017213887
0	1	0.31220995925503786
0	1	0.3021995601560976
0	1	0.18985074283824627
1	1	0.8432385470906804
0	1	0.9522417514732976
1	1	0.25753796010130536
1	1	0.9236660386969854
1	1	0.6620200040018478
0	1	0.7246709182507037
1	1	0.993994609245235
1	1	0.4117752273555455
1	1	0.733553990695589
1	1	0.8817721359132791
0	1	0.2749422236813816
1	1	0.2586998280990746
1	1	0.4083170541549776
0	1	0.6002921752514515
0	1	0.18140352709648164
0	1	0.45292817188109896
1	1	0.5950277017494578
0	1	0.783834509006837
1	1	0.3063908938422381
1	1	0.3043990314473138
1	1	0.6723800341734173
0	1	0.31528839794038777
0	1	0.5158359220534671
1	1	0.30468253144259316
0	1	0.31710743609170117
1	1	0.9781468492029359
0	1	0.3580126633703053
1	1	0.6643347138932066
0	1	0.4469577959942026
0	1	0.31586818146020657
0	1	0.1729336669397109
0	1	0.16280146351226477
1	1	0.6738160023507007
0	1	0.4828758341042002
1	1	0.7527590635262102
0	1	0.322974173016846
0	1	0.45520772530108405
0	1	0.35088834697949894
1	1	0.872039889401996
0	1	0.03652511450607429
1	1	0.997600809282444
1	1	0.3361232957961491
0	1	0.21354848705472051
0	1	0.8153526200975539
1	1	0.9935881711235506
1	1	0.9159206882057226
1	1	0.9747538027174664
1	1	0.6755175669560591
1	1	0.6662128879455467
1	1	0.5998865155863532
0	1	0.14721559683698968
0	1	0.26665551202370136
1	1	0.9833636954944982
1	1	0.9245859171403177
0	1	0.7497610577843153
0	1	0.40571136444686223
1	1	0.46604778813398395
1	1	0.9223532699048337
0	1	0.3491869085202804
1	1	0.928885967927809
0	1	0.7350282601811317
0	1	0.246882084123185
1	1	0.7088049303288371
1	1	0.2988246125958303
0	1	0.33065111648981926
1	1	0.9954612694616366
1	1	0.6635647603841919
1	1	0.5798137041362666
1	1	0.8183729147782461
0	1	0.6140459845350577
0	1	0.4345368216676245
1	1	0.5500657845397398
1	1	0.47847522211343896
1	1	0.9989718848679333
1	1	0.6054823925241126
0	1	0.35633248681977575
0	1	0.13072992126051822
0	1	0.8604099153732457
0	1	0.3754670974982275
1	1	0.22754040127247172
0	1	0.10146513139166953
0	1	0.5743523903893233
0	1	0.6366627054860396
0	1	0.31236991934554365
0	1	0.36592465331989205
0	1	0.7798887319717135
0	1	0.410754062137764
0	1	0.09351912116749776
1	1	0.7291879743060359
1	1	0.44430751886885744
0	1	0.2170014766865878
1	1	0.7333510492284454
1	1	0.11176721291416955
0	1	0.4835884674850165
0	1	0.5280663785567887
0	1	0.06883803445237219
0	1	0.6483949406688139
0	1	0.08112989084419679
1	1	0.21020088261528966
1	1	0.42075702731508957
0	1	0.3595494987771853
0	1	0.44003599421598777
1	1	0.2300041278393199
1	1	0.9137221768331099
0	1	0.03550146392311371
0	1	0.23065620683028634
0	1	0.15141545094415662
1	1	0.0977505833120811
1	1	0.6838479210315654
1	1	0.6134521188214087
0	1	0.19683693338876504
1	1	0.9568213352385553
1	1	0.5950848239800036
0	1	0.37774267807069384
1	1	0.5266766757198702
1	1	0.5548212852809152
1	1	0.5006462103327164
0	1	0.8320858688138625
0	1	0.13456878198541855
1	1	0.2679252353239111
1	1	0.9291747483565578
0	1	0.7615135885910904
1	1	0.298589771435819
0	1	0.18495887044921971
1	1	0.7237274541125059
0	1	0.31113408830104294
1	1	0.28546724988518074
1	1	0.4820800027425305
1	1	0.591523368602604
1	1	0.8909606342937925
0	1	0.16411783296027838
1	1	0.8294557838793529
1	1	0.5502474648000385
0	1	0.1700609710464429
0	1	0.20345727855497622
0	1	0.20471934000918493
1	1	0.1608513487632894
0	1	0.14838783728511354
1	1	0.9978669601764616
0	1	0.0766592216841404
1	1	0.9207510236462236
0	1	0.15943414303709444
0	1	0.40197599575271475
0	1	0.7085920080700104
0	1	0.19056911616996547
1	1	0.4191947676089778
1	1	0.40694967154917955
0	1	0.4394548115901784
1	1	0.7879802682576502
1	1	0.882256963641518
1	1	0.40379653747619954
1	1	0.3660377322016696
0	1	0.040199282906063595
0	1	0.21872025130815814
1	1	0.37919585927319793
1	1	0.9815297085667821
1	1	0.46972068477636936
1	1	0.6707821900442096
1	1	0.9145761106931055
0	1	0.45891255122396946
1	1	0.9225328469454515
0	1	0.1014202020983173
1	1	0.31568277226728086
0	1	0.4123665990269807
0	1	0.40813366000083917
1	1	0.28980937711215426
1	1	0.8277171722067005
1	1	0.5155160273459314
0	1	0.06267697932674969
1	1	0.3008350358633771
0	1	0.6355950333545455
1	1	0.88266970233426
0	1	0.29004348729897095
0	1	0.37153682622268797
0	1	0.2713195697710995
0	1	0.36012556899092646
0	1	0.07060790280888009
1	1	0.5815907018287287
0	1	0.2827423699912184
0	1	0.6482549856114119
0	1	0.7668714828751759
1	1	0.5681877733615237
0	1	0.9101480613521733
1	1	0.6835002586966905
0	1	0.5084257308813489
0	1	0.5805414433530517
1	1	0.8823530637457166
1	1	0.4280002027840163
0	1	0.1312415377216058
0	1	0.8350660128809461
1	1	0.5923144865306802
0	1	0.46180222496843437
0	1	0.6453184804711812
1	1	0.11011239083002616
0	1	0.47252549653661347
1	1	0.5291562936438313
0	1	0.9735810016435854
0	1	0.4308736862090309
0	1	0.44649189095076747
0	1	0.4642416450447083
1	1	0.7786030903035706
0	1	0.17073382635808265
1	1	0.855853797657028
1	1	0.6216825586598809
0	1	0.3042989885215155
0	1	0.43628777516784056
1	1	0.6518975207835616
1	1	0.9375711252096756
1	1	0.9191924145565624
1	1	0.9339138102329232
0	1	0.03734415266264299
1	1	0.8309670631400579
1	1	0.4981425272990606
0	1	0.4132333923161379
1	1	0.8764456687016787
0	1	0.4010454108243142
1	1	0.9237954007542967
0	1	0.3269040364368976
1	1	0.20847814334789386
1	1	0.892508570185211
0	1	0.03709816944101314
1	1	0.17327413143844214
0	1	0.5974972985751217
1	1	0.36970665769018696
1	1	0.09315200001439439
1	1	0.16592067580859718
0	1	0.15728485558040578
0	1	0.7525291630298961
0	1	0.8945847696386823
1	1	0.6283246209097605
1	1	0.9282912075392394
0	1	0.216666737437827
1	1	0.660695533621505
0	1	0.2122077653241567
0	1	0.7645605561902618
1	1	0.628330880468163
1	1	0.5494344241469928
0	1	0.12305236707388569
1	1	0.895528278497228
0	1	0.31538710181400875
1	1	0.6103374284217333
1	1	0.7322199804725232
0	1	0.4027304669508714
0	1	0.28488043260824003
1	1	0.5450019548557901
1	1	0.4418584388023187
1	1	0.8591059967965491
1	1	0.9284585295080596
1	1	0.7578704223221226
1	1	0.7500424782216197
1	1	0.49151882054119234
1	1	0.9771780486520705
1	1	0.40279607066455947
1	1	0.26912506357653765
0	1	0.2191748849777341
0	1	0.3231852798287297
0	1	0.5763382492811941
0	1	0.3444056027615648
0	1	0.13419806087847178
0	1	0.5854497318780008
0	1	0.29742291538262344
0	1	0.19883408180296863
0	1	0.029769877781353503
0	1	0.21030775355296666
0	1	0.15307545849090842
1	1	0.7071319926711749
0	1	0.40744649322089804
1	1	0.9953189400516206
1	1	0.9642533963184162
0	1	0.457655661888099
0	1	0.3884798858041567
1	1	0.5719652955654009
1	1	0.387096651785835
0	1	0.28279919299185075
1	1	0.280534936310219
1	1	0.5428906326526024
1	1	0.6831901730562531
0	1	0.2681231457320318
1	1	0.9188981792707188
0	1	0.11271282512348654
0	1	0.07246997701352041
1	1	0.43513019396681957
0	1	0.5756212872939711
0	1	0.7642978141043381
0	1	0.10146714359207347
1	1	0.34182860481840494
0	1	0.08087710615081649
1	1	0.21365403595630317
0	1	0.06926952070492925
0	1	0.23142209687487011
0	1	0.8316353103984265
1	1	0.9065036314352354
1	1	0.8142429010790265
1	1	0.6872739410694803
0	1	0.13076088947664602
1	1	0.4126980506689776
0	1	0.7648530544663014
1	1	0.7343821818913949
1	1	0.8076625763339297
0	1	0.5556162493559174
1	1	0.7452713199572437
1	1	0.7498685941473553
0	1	0.4842798734158827
0	1	0.3077174201632081
0	1	0.3594885541775478
1	1	0.7167934883086966
0	1	0.5998125414623834
0	1	0.7534576414641229
1	1	0.8276482876153742
0	1	0.35928071244604537
1	1	0.5304113600751076
0	1	0.474628683182858
1	1	0.24328794751496952
1	1	0.7272862253208446
0	1	0.737266072419095
0	1	0.48172481042137677
0	1	0.3652518999700924
1	1	0.6204031367990177
0	1	0.6346590953969207
1	1	0.948573952463162
1	1	0.736487937908799
1	1	0.9624462898555821
0	1	0.8973771611647399
0	1	0.351504717099981
0	1	0.4786522286298843
1	1	0.7676839362306284
1	1	0.15983427850757562
0	1	0.9577424112385599
0	1	0.16185985006204337
0	1	0.17837895169425969
1	1	0.9238279072168292
0	1	0.5634047142224599
1	1	0.789630515557239
1	1	0.12400143553264727
1	1	0.11808933265645341
1	1	0.9118627902643132
0	1	0.25210265971622386
1	1	0.8894916428051722
0	1	0.2972086852260273
1	1	0.47063776112690897
0	1	0.22497451692997386
1	1	0.22926456175346327
0	1	0.3407773450874317
1	1	0.5055216726715587
0	1	0.4518034184022264
1	1	0.6059688226064585
0	1	0.16400323357410215
0	1	0.6494578729205963
1	1	0.8319021488032975
0	1	0.9273351597030464
0	1	0.15012416701611825
0	1	0.28493577572710893
1	1	0.8270282876589241
0	1	0.9412409623829925
0	1	0.4358349604965389
0	1	0.4586361473929775
1	1	0.9993551950684892
0	1	0.5991148831998607
0	1	0.2318120264197772
0	1	0.9278627986923836
1	1	0.22321932106301992
0	1	0.2272702642993432
1	1	0.9482131149705538
0	1	0.7461728500524019
0	1	0.22814517513540056
0	1	0.15168106908231177
1	1	0.994306785664237
1	1	0.5586556976237985
1	1	0.8807018868869578
0	1	0.7891659319703316
0	1	0.19632942494044434
0	1	0.6064250863974517
1	1	0.2734298483552139
1	1	0.8389507983566447
0	1	0.7461686806602055
0	1	0.4234346871096374
1	1	0.7522279242976193
1	1	0.865300330277626
1	1	0.9915032179707645
0	1	0.15795455789696042
1	1	0.993421826267196
0	1	0.8788578662899592
1	1	0.17692185864789184
0	1	0.49534016541825276
0	1	0.3495992462285739
1	1	0.5520497189285107
1	1	0.24570045917912528
1	1	0.3594437363661888
1	1	0.8570212543885195
1	1	0.6145682977226217
0	1	0.46602235079873683
1	1	0.6052337675293044
1	1	0.3090373722337537
1	1	0.9409030931283142
0	1	0.45494859331704496
1	1	0.5462621578940084
1	1	0.49324779048407114
0	1	0.31529207967380235
1	1	0.6770209493601793
1	1	0.8887573574342585
1	1	0.451630517540051
0	1	0.19360385110021996
0	1	0.12825740377888714
1	1	0.8982536512241669
0	1	0.12859167007827732
0	1	0.1711789175967098
0	1	0.20331893049095312
1	1	0.9954370315739399
0	1	0.3377491389729198
0	1	0.8366005211295638
1	1	0.40189910466475076
1	1	0.09277306834111859
0	1	0.48401517148360085
0	1	0.45396883654388503
0	1	0.062049392663686004
0	1	0.37610508268302023
1	1	0.683918522633821
0	1	0.10731995827100899
1	1	0.27381637071821624
0	1	0.0909595303210499
1	1	0.27823692751801554
0	1	0.3700539359020246
1	1	0.8428862072042916
1	1	0.4337254477982881
0	1	0.27100414316266713
1	1	0.36881708408573444
1	1	0.24176547882968458
1	1	0.553926429746671
0	1	0.29401935086319436
1	1	0.8124635104291612
1	1	0.7588975303652694
1	1	0.8764607222035424
1	1	0.9263626880966319
1	1	0.7890596508768798
1	1	0.9336924383422989
0	1	0.26770247060595936
1	1	0.2393064963846091
0	1	0.13655325711021082
0	1	0.5397881259632388
0	1	0.3557015029549563
1	1	0.507419739601441
0	1	0.3444484865366644
1	1	0.9551959891916243
0	1	0.2893960913410896
1	1	0.15529513057967897
1	1	0.7153029643643775
1	1	0.1956327537511076
0	1	0.8988470291265958
0	1	0.4873272913858186
0	1	0.1758091238748303
0	1	0.935321495823355
1	1	0.9263138673329071
0	1	0.17386649819144245
1	1	0.9584898217711498
0	1	0.2504998597680723
0	1	0.5007048074465285
1	1	0.521522886399705
0	1	0.34949781172832856
1	1	0.4288334434254307
1	1	0.6354410603488491
1	1	0.35975589223798465
1	1	0.9461351846038267
1	1	0.2687166564091173
0	1	0.3070058534162177
1	1	0.6279828390836525
0	1	0.7890466013536098
0	1	0.4499731762865079
0	1	0.48717857807226184
0	1	0.09130662966822249
0	1	0.1327593020594261
0	1	0.34846328622598594
0	1	0.3357572880798083
1	1	0.943917605421572
0	1	0.4484101618340479
1	1	0.9051034853535398
0	1	0.7964921284589795
1	1	0.7468135996820647
1	1	0.8612391701518942
0	1	0.17659039113606054
1	1	0.4276535117582333
0	1	0.3105693347131105
1	1	0.8806436643718115
1	1	0.4789086622353064
1	1	0.3339675031932156
0	1	0.08290388448770597
1	1	0.7386243556942584
1	1	0.886946104435527
1	1	0.5167983039817992
1	1	0.9451713984394607
0	1	0.0481408059773792
0	1	0.17452645439129422
0	1	0.29780699661083077
1	1	0.8422136175052574
1	1	0.6413845691036656
1	1	0.5001622078870984
1	1	0.9110755167235823
1	1	0.18188609028383634
0	1	0.1911919036227517
1	1	0.8173723213920302
1	1	0.27540994952123393
1	1	0.19559773102414027
1	1	0.9291414850441193
0	1	0.22496776370046512
0	1	0.14512698672868415
1	1	0.09982859784983744
0	1	0.6504685669087323
1	1	0.7886349632044656
1	1	0.5470114927229647
1	1	0.8836311989524605
1	1	0.687630473492759
1	1	0.8209398098828666
0	1	0.24595228949863854
0	1	0.4704061558764384
0	1	0.10493536920740726
0	1	0.08952928887779055
0	1	0.07658632550429363
1	1	0.7969872511860675
0	1	0.2488925602712128
0	1	0.051203356290492705
0	1	0.42207575945533804
0	1	0.5071034951338909
1	1	0.30918505201930274
0	1	0.19118039815570578
1	1	0.705426273275833
0	1	0.9335072104897385
1	1	0.5148223071289288
1	1	0.42411654081763045
1	1	0.8223769129928664
1	1	0.7810171267532906
1	1	0.9101624115301966
1	1	0.8198632335867736
1	1	0.4932374774560161
1	1	0.853907069508096
1	1	0.7993368843325707
1	1	0.6805596415652135
0	1	0.44809666665909315
0	1	0.3380863497321865
0	1	0.24428538320989937
1	1	0.44984465900063075
0	1	0.19373159935518428
1	1	0.29208520566951734
0	1	0.3424685001817182
1	1	0.6187081922511459
0	1	0.3987174376077462
0	1	0.21773558180873054
0	1	0.6364289826577889
1	1	0.9614606491620755
0	1	0.823670031544447
0	1	0.1886506685188478
0	1	0.14587544297760066
1	1	0.3061381818998646
1	1	0.7920957499896208
1	1	0.9860193768667322
1	1	0.9375033842904613
0	1	0.8447509193270569
0	1	0.34354138517123456
1	1	0.8055096894464165
1	1	0.2852555834587289
0	1	0.4492088967567495
0	1	0.15977407772149793
0	1	0.5703633190277344
0	1	0.3148548524068806
1	1	0.51857958029445
0	1	0.15724147340909764
0	1	0.5700849240977709
1	1	0.5130395699499748
1	1	0.17759993806634544
0	1	0.14983688756473507
1	1	0.7572390269891393
0	1	0.23118419195100504
1	1	0.8423047683208171
0	1	0.043782008122242415
1	1	0.6939699617624979
0	1	0.05633426787777943
0	1	0.47041350528193365
1	1	0.2765512201489582
0	1	0.41381893542661946
0	1	0.23661317576760207
0	1	0.36627150061939234
1	1	0.849023824201726
1	1	0.4104316900085245
1	1	0.9021452176294128
1	1	0.22822797757480753
0	1	0.33731531869347176
0	1	0.1330285259930803
0	1	0.30730714072296095
1	1	0.4082790026418034
0	1	0.5168270222121836
1	1	0.6181955175613926
0	1	0.25657145868746173
0	1	0.8226223971678708
0	1	0.5060114400820214
1	1	0.5446873242700808
1	1	0.584987114835311
1	1	0.6076486545770309
0	1	0.663147603971806
1	1	0.7429337559197793
0	1	0.10679651294677985
0	1	0.3890939789576741
1	1	0.6488219870194367
0	1	0.26566792736213085
0	1	0.6283554963064627
1	1	0.9070250615836526
0	1	0.4324302296743885
1	1	0.3653625029682008
0	1	0.2255036811284873
1	1	0.8746242813236603
0	1	0.4096041948785495
0	1	0.20191828666984504
0	1	0.15204353064680595
1	1	0.8390375725197725
0	1	0.8885082059405061
0	1	0.6951839710043939
1	1	0.7177963113952998
1	1	0.5918391968734315
0	1	0.22535818293789892
0	1	0.26396050791624454
1	1	0.7925117444077353
1	1	0.3949313203710117
0	1	0.2440484157710733
0	1	0.13584720221799196
0	1	0.3587522119961605
0	1	0.1691065478496125
0	1	0.7755678390687132
0	1	0.26228355416878657
0	1	0.6319474441118506
1	1	0.4756762410075431
1	1	0.4460577739836313
1	1	0.5568994855647307
1	1	0.7385242089732388
1	1	0.1410110784090141
0	1	0.23373445629442993
1	1	0.8656234690587586
1	1	0.5308316669605487
0	1	0.01956281400469635
0	1	0.7837654782718555
0	1	0.027446915848245466
0	1	0.6891707874440925
0	1	0.16472086068350741
0	1	0.46846492840401976
1	1	0.6288339849308919
0	1	0.24495817814013102
0	1	0.9082718929490239
1	1	0.5161530849177629
0	1	0.524576017154149
1	1	0.6506473237157803
1	1	0.8143839196022739
0	1	0.520638627471626
1	1	0.7401486477140113
0	1	0.16731342002957644
0	1	0.45470628510859634
0	1	0.05826925398059147
1	1	0.9159609270142265
1	1	0.38908041047563335
1	1	0.8413853133824712
0	1	0.6118824078173486
1	1	0.8851046910323597
1	1	0.8053854625540736
1	1	0.8993189305911574
1	1	0.7089895699325968
0	1	0.26258776548627144
0	1	0.7750704505623286
1	1	0.9726514126245586
0	1	0.18001006802737202
0	1	0.35156122865936634
0	1	0.024459149907671843
1	1	0.7316006633547106
0	1	0.13319559955156612
0	1	0.47398480763751566
0	1	0.37661776061507557
1	1	0.8831779795075955
0	1	0.02668340156555902
1	1	0.3422566922696627
0	1	0.1826330825004433
1	1	0.5122636951629996
1	1	0.6526853227745084
1	1	0.8911342651277103
0	1	0.7889406295196177
0	1	0.6034287675878411
1	1	0.9069407316208401
1	1	0.7947582397545883
1	1	0.5778286030451992
0	1	0.6473565500397358
1	1	0.795954715684467
0	1	0.9038976351218025
0	1	0.7997316196469594
1	1	0.6823069792043598
0	1	0.16867463012781098
1	1	0.5608642994041814
1	1	0.2767869425155785
0	1	0.8497096294983718
0	1	0.17352597252834615
0	1	0.11649605967564498
0	1	0.3651549621591695
0	1	0.9046644915406009
1	1	0.9004087414446398
1	1	0.9118081651573536
0	1	0.13520500592548032
1	1	0.9897120154618168
1	1	0.42252599088651915
1	1	0.8530903409906719
1	1	0.5459030775136604
1	1	0.5436478631030083
0	1	0.2213173984960024
0	1	0.08011264250553914
0	1	0.523834891211974
1	1	0.3895138037955678
1	1	0.9732805724890603
0	1	0.16873706260388086
1	1	0.46603301179108164
1	1	0.6168183570267153
0	1	0.5441720024296093
1	1	0.07751787834395185
0	1	0.15529309550620754
1	1	0.7698838970960905
1	1	0.724762986660338
0	1	0.36942088108951404
1	1	0.33948660592995794
0	1	0.16150732391201325
1	1	0.7554828525166374
1	1	0.5836692028028054
1	1	0.8496113496915436
1	1	0.8041784797906352
1	1	0.7319820858847188
0	1	0.4138504265582001
0	1	0.6031557816632799
1	1	0.6623305610361598
1	1	0.6103108288911737
1	1	0.7586409895458975
1	1	0.3001537932106985
0	1	0.5557475756735326
0	1	0.8084388261564021
1	1	0.9218380843568856
0	1	0.5199351673370388
1	1	0.46714039877365215
