0	1	0.872147579299002
1	1	0.9334185622317529
1	0	0.5667277966627847
1	0	0.6005029165469278
0	0	0.5282913613584738
0	1	0.627532736735588
0	1	0.7178547570113845
1	1	0.880339551412135
0	0	0.5877926793794248
0	0	0.8746759067183574
1	1	0.78390986546269
0	0	0.7267939557735787
0	1	0.5637588306108321
1	1	0.8256939809636132
0	0	0.6475852152666104
0	0	0.7829985233134122
0	1	0.8045081419772354
1	1	0.568480237209477
0	0	0.751307134137492
0	1	0.5456772994381511
0	0	0.5998254328634842
1	1	0.6263295738694874
1	1	0.9013824955039422
0	0	0.8562374920226995
0	0	0.7707358512332949
1	1	0.7295530736789325
1	1	0.6446055405378961
0	1	0.6224739265734616
1	1	0.9531441590894928
0	0	0.8945599523908286
0	1	0.5936743126348493
0	0	0.907186046852973
1	0	0.5276129355524295
1	0	0.7552519034657397
0	0	0.9578937216040315
1	1	0.941693680293295
1	1	0.5154794791934945
1	1	0.7849333803287926
1	0	0.6760748236411563
1	1	0.8334369281175092
1	1	0.7170701346796106
1	1	0.7828192326521056
1	0	0.7768503713487268
0	1	0.5264124722697369
1	1	0.846813301567267
0	0	0.793807922640244
1	0	0.552429104405675
1	1	0.8817536143917526
1	1	0.8089132133822232
0	0	0.6625433162780276
1	0	0.5667746686732733
1	1	0.7466491319914423
0	0	0.6914181408135411
1	0	0.6730211204879324
1	0	0.5466453787769754
1	0	0.7461214552529802
1	1	0.6115043171221594
0	0	0.7087472720395128
1	1	0.9645742016443587
0	0	0.7574601068350194
0	1	0.9214811810327231
0	0	0.8066333260491968
0	0	0.9207356872835224
0	0	0.8212516322402623
1	1	0.5547782998909989
1	1	0.5720329094813585
1	0	0.5932878298521732
0	0	0.7951690497903784
1	0	0.5807417162079854
0	1	0.7593285457851174
1	0	0.5870950596507847
0	0	0.8520003286380475
1	1	0.516694856125907
0	0	0.8581254970744305
0	0	0.6611507726493683
0	1	0.6949074363706751
0	1	0.5559794495125375
1	1	0.7651287528583304
0	1	0.6347536359832991
1	1	0.7813880007468881
0	1	0.7315899515924913
0	0	0.891949995589258
0	1	0.734082507125761
0	0	0.8456942950110427
0	1	0.8849210714437092
1	0	0.6040237475047202
0	0	0.6108496966546713
0	0	0.7588011920093949
0	0	0.8429262921896046
1	0	0.8516800329483649
1	1	0.8128489173887852
0	0	0.7673971135049562
1	0	0.7695361974064202
1	1	0.7039990762830554
1	1	0.7370441953906878
1	1	0.8850744183449656
0	0	0.7377041892761667
0	1	0.6645586335513826
0	0	0.899914828465284
0	0	0.7867858725652308
0	0	0.7829985233134122
1	1	0.854873760110351
0	1	0.6900293209841402
0	0	0.8299390289535571
1	1	0.7464549955745484
0	0	0.7353316602425106
1	1	0.8469457211670512
1	1	0.9455507286717503
1	1	0.9780458245634978
0	0	0.6841025042040481
1	1	0.6760369299630887
0	1	0.8291085475797726
1	0	0.5755538630501764
1	1	0.6639214432198884
0	0	0.5996022501165248
1	1	0.9670654691208378
1	1	0.8139850879928844
0	0	0.8689219862719211
0	0	0.636210815139628
1	0	0.6231670988277545
0	1	0.5729675824729126
1	1	0.8789699015578156
0	0	0.6917926897955413
1	1	0.7059312380097423
1	1	0.8726699135118804
0	1	0.548591914780584
0	0	0.7922384840776033
1	0	0.6673422273799938
1	1	0.8730589032760494
0	0	0.8084242071259862
1	0	0.5362724969977367
0	0	0.6347845967485352
0	1	0.8369900277121605
0	0	0.6444005733930394
1	1	0.5644338063387153
1	1	0.8641980926426682
1	0	0.7564862555740333
0	1	0.7881541377636782
1	1	0.8755005715131313
1	1	0.8785899058467336
0	1	0.7185000058770284
0	0	0.7706254634765962
0	0	0.9479683324197707
0	0	0.8603840659847007
1	0	0.7774789794923985
1	0	0.8955697861105361
1	1	0.8378566188052403
0	0	0.6163975356744141
1	1	0.5872463072319644
0	0	0.6317752452604968
0	0	0.797858671699894
1	1	0.8555294639114541
0	0	0.554529272777837
1	0	0.7271074499445964
0	0	0.9230309751041639
0	0	0.6577086601181921
0	1	0.8609090848917871
1	1	0.9148077500459932
1	0	0.7420925594735367
1	1	0.884482672256752
0	0	0.7093856873391441
1	1	0.5391502843385663
1	1	0.9065700162328048
0	1	0.7503590849059306
0	0	0.8135762323713565
1	1	0.8018782203003323
1	1	0.8981429353325131
1	1	0.7802958832554322
0	1	0.608924406231371
0	0	0.8796398553674343
0	0	0.9114774711080482
1	1	0.6746541969027404
0	1	0.7601898735438245
0	0	0.7960447067119719
1	1	0.816538308965924
0	0	0.7078515259932976
1	1	0.5451311586935317
1	1	0.6622081235699012
1	0	0.5461677690880172
0	0	0.7825387366572246
0	0	0.7827816618425102
0	0	0.702106068117802
0	0	0.8289972151517054
1	1	0.9613560411317147
1	0	0.581942417635377
1	1	0.9368686057381587
0	0	0.6960139907271155
0	0	0.77948401922258
0	0	0.753363663949949
1	1	0.7028158329352255
0	0	0.7568212646278121
0	1	0.9244516477920071
1	1	0.8393296588728681
1	0	0.8112442196103932
1	1	0.6659625077454512
1	1	0.5641951067222187
0	1	0.6135089860101746
0	1	0.5485530209086037
1	1	0.8915381049931578
0	0	0.5464362232946198
0	1	0.8309654409180879
1	1	0.8652189559951331
0	0	0.692844231011746
0	1	0.8876942804843223
0	0	0.8111004500597097
1	1	0.6460232682401684
0	1	0.5478693744870992
1	1	0.9767991322757176
1	1	0.610396849493054
0	0	0.8105684019194276
1	0	0.8637109723070204
0	1	0.5024303488025431
1	1	0.8918696819654269
1	1	0.8199570113719813
1	1	0.9362379560127748
0	1	0.8674143742844319
1	1	0.7888376411223378
1	1	0.8766981545889332
1	1	0.9684369172256171
0	1	0.9112329421319563
0	0	0.8381786974493642
1	0	0.7397993517752719
1	0	0.5242191031719621
0	0	0.827201606860922
0	0	0.6733418880443103
1	1	0.5690304226244577
1	1	0.9931451269241901
1	1	0.9008009831380607
1	0	0.8070878522088853
1	0	0.6736553654050388
1	1	0.9386484067361882
1	1	0.8116722871347714
1	1	0.8411955950624038
1	1	0.8226977569267189
0	0	0.9882734082461806
1	0	0.7471628038706775
0	0	0.7854213959990337
0	0	0.6809231392445981
1	1	0.8361034853097185
1	1	0.5703500489455022
0	0	0.7943416773240612
1	0	0.7449751222916832
1	1	0.9247637777998412
0	0	0.7698766825093024
1	1	0.5036903626191814
0	0	0.8200574714892398
0	1	0.6556959149437069
1	1	0.9548739987712296
0	0	0.657905513466938
0	0	0.5415486091359039
0	0	0.8579573740438297
1	1	0.7818935138620831
1	1	0.8964231422283148
1	1	0.8952673616515999
0	0	0.8827821362198084
0	0	0.7570208317578752
1	1	0.9315014389029661
1	1	0.6220634184497056
1	0	0.5268594910054729
0	1	0.6368580714111985
0	1	0.5493489260850668
0	0	0.8469656513792215
0	1	0.7603537423664648
1	0	0.6536032840222058
1	0	0.6079671672495214
1	0	0.5676690905632402
0	1	0.5157978285345114
0	0	0.9318753758440124
1	0	0.786523527204153
1	1	0.554792178295476
0	0	0.9369062135120045
1	1	0.7157041994894812
1	1	0.8121797823562795
0	0	0.7738240025505536
1	0	0.6170168751158094
1	1	0.6305381140268954
0	1	0.5969522791356613
0	0	0.5934220957877654
1	1	0.7477291304562338
0	1	0.5226393791102877
1	1	0.8112752237555729
1	0	0.6725885471906397
1	1	0.7594995891220866
0	1	0.9166954869967205
1	1	0.6360188708887365
0	1	0.7453175011432145
1	1	0.9001431939534769
1	1	0.9032741422783113
1	0	0.528222598294465
1	1	0.8231293813989929
0	1	0.5634629775486963
0	0	0.7380760259362157
1	0	0.5906928553278776
0	0	0.8485108384036641
0	0	0.6927262926916407
1	1	0.9102004612241131
0	1	0.7716140729695693
1	1	0.9124670087581319
0	0	0.712433199996708
0	1	0.9228933543016188
0	0	0.7109735683488493
1	1	0.6815640049376825
0	1	0.5805996844753537
1	1	0.6096486442528682
0	1	0.5473133142765221
0	0	0.8055877205001426
0	0	0.6312365424005338
0	0	0.6395602751825662
0	1	0.6141009422287428
1	1	0.9007656635245143
0	0	0.8740944605586903
1	1	0.8812052344811959
1	0	0.6462387206925917
0	0	0.8482968341890549
0	1	0.6362472708442849
1	0	0.6956432365864014
0	1	0.5216446602055311
0	1	0.515820295216616
0	0	0.5070433211782719
0	1	0.7361036832126034
0	1	0.9858614376520315
1	1	0.6986661088057343
0	0	0.8515822319098391
1	0	0.5404564966655632
1	1	0.9173012270244983
1	1	0.8284687206173198
0	1	0.6545129936842585
1	1	0.5587247369368948
1	0	0.9450956304806327
1	0	0.7258160297708042
0	1	0.8759693957174856
0	0	0.9266956409267596
1	1	0.8497918574768466
0	0	0.9140813926625647
1	1	0.5313825716165883
1	0	0.8771340851245479
1	1	0.7054558613198901
0	0	0.9625441395431945
1	1	0.644046428615844
0	0	0.6007777052129704
1	0	0.6917251305294453
0	0	0.5951018210782998
1	1	0.9753815165610259
0	0	0.9381039909662946
1	1	0.7409067360287293
0	0	0.7048504594390821
0	0	0.7768483208595623
1	0	0.6893336271987349
0	0	0.7849773154524623
1	1	0.7533606031895204
1	1	0.7960514462824785
0	0	0.5666125502068837
0	0	0.7379834448035418
1	0	0.7983257122690405
0	0	0.7687977243689491
1	1	0.8312021758098751
0	0	0.7165619572703124
1	1	0.904351396290432
0	0	0.7561159197784759
1	1	0.5372491756116389
1	0	0.5436945320781652
1	0	0.5922733558637425
0	0	0.5896231097875049
0	0	0.9785662237027049
0	0	0.7692917130877066
0	0	0.6692590010270634
0	1	0.5940623683066779
0	0	0.6316899438061059
1	1	0.8623427199895989
1	1	0.7901047135406447
1	0	0.5123698268413768
0	0	0.884324843661588
0	0	0.5040123603551843
1	1	0.8517233519568226
1	1	0.7630280013996913
0	0	0.5169294007367662
1	0	0.7273101051713592
0	1	0.8326695332087667
0	0	0.9797882642872362
1	1	0.7370607855645412
1	1	0.6357928565441318
1	1	0.7793101619969394
0	0	0.6686321130704629
0	0	0.7733196128961697
1	1	0.997645525775758
0	0	0.9112422404484906
0	0	0.5607352274248211
0	0	0.5557479286225386
1	1	0.9366094933679459
0	0	0.7591929738830516
1	0	0.7660519452863161
1	0	0.5718515592496228
0	0	0.7467160115448527
1	0	0.7544917594390532
1	1	0.8773853660577922
1	1	0.7246708663445699
0	0	0.6132100263654112
0	0	0.7020185414119763
1	1	0.8871937780652625
1	0	0.7519177529231873
0	1	0.7677113535013421
0	0	0.7955373245395562
0	0	0.6631158774539541
0	1	0.7097063818604281
1	1	0.5894905489094912
0	0	0.8572217287518276
1	0	0.6132585329545703
0	0	0.7207915859607636
1	1	0.8363369613194944
0	0	0.6082622622315397
1	1	0.747634700093156
1	1	0.7320353924569835
1	1	0.9003280418723849
1	1	0.6006017997602475
0	0	0.9299071400211111
0	0	0.8115161854584593
1	1	0.5885407058033333
1	0	0.5118214432689696
1	0	0.5412449176920155
1	1	0.8395028143946863
1	1	0.9580286434551798
0	0	0.6898837369317965
1	0	0.8172077600572198
0	1	0.9333750764292919
0	0	0.5001566542724657
0	1	0.6852258199754917
0	1	0.9629183659647753
1	1	0.7156430834634735
0	1	0.8580805131346583
1	0	0.5190612177443148
0	0	0.6365042925123037
0	0	0.8593204823461902
1	0	0.5367987002149743
1	0	0.6783942795790432
1	1	0.9652607213883928
0	0	0.8952503366827222
0	0	0.5405113780204571
1	1	0.9009457812905248
1	1	0.6566422581555345
0	1	0.6770817418069932
0	0	0.778351595560471
0	1	0.5636940541013175
1	0	0.5725833311191287
0	1	0.713481700797361
0	1	0.6025852447291155
0	0	0.6236841680147562
0	0	0.9332050231264241
1	1	0.6395399890719419
1	1	0.7096589651105728
0	0	0.7107941140956099
1	1	0.6664661180632789
1	1	0.7580078999236892
0	0	0.9919363385144546
1	1	0.9501511742059731
1	1	0.9628212002608953
0	0	0.8305613048740291
0	0	0.8996368423395509
0	0	0.769868892899948
0	0	0.5882057844472375
0	1	0.5203926689245747
0	0	0.7841944894381279
0	0	0.5450215901729923
1	1	0.9103427361719002
1	1	0.6719113168132886
1	0	0.5165119002651191
0	1	0.5712168758799515
1	1	0.5385803713096844
1	1	0.6263830317640448
1	1	0.5162387353360816
0	1	0.6359239978575403
0	1	0.944528671453072
0	0	0.9276495507140844
0	0	0.8511953542973012
0	0	0.7813913095876587
0	0	0.6838770598609611
0	1	0.7622881786867554
0	0	0.7554880743997632
0	1	0.6674401955911415
1	0	0.7148396497606753
1	1	0.9090552522168669
1	1	0.6631447642113704
1	1	0.6806825558579209
0	0	0.5066471294848638
0	0	0.7311079929943918
0	0	0.6278001389750156
1	1	0.8954734241681258
1	1	0.8421489208376584
0	0	0.6873731545584099
1	1	0.9140036013941424
1	0	0.5718506693215777
0	1	0.5435114917956592
1	1	0.5764457572299094
0	0	0.6627757800735736
0	0	0.8396213462559686
0	0	0.919658182861789
1	1	0.8497998735079894
0	0	0.865656240652222
0	0	0.7829985233134122
1	1	0.947460903901815
0	0	0.6589359552336598
1	1	0.6181279155035789
1	1	0.6394434840047049
0	0	0.5523905209952967
1	0	0.7179451348166563
0	1	0.5863687748840827
1	1	0.6571738874180096
0	0	0.7232762306141258
1	0	0.5612321360575507
0	0	0.8985748083203972
0	0	0.6697686051701606
0	0	0.5385110590274167
0	0	0.890370178366868
0	1	0.697329261019975
1	1	0.586833187516928
0	0	0.9056341299514573
0	0	0.5679387616485689
1	1	0.6904613225475992
0	0	0.8866569809874462
1	0	0.7640149228331083
1	1	0.9819769869995519
0	0	0.7361281230781593
1	1	0.6730367305894438
1	1	0.9207134431912469
0	0	0.9475450401456074
0	1	0.6230279565043333
1	1	0.8833487766940448
0	0	0.8525864832610591
1	1	0.8965615076016451
0	0	0.5451424535212498
0	1	0.9289628319494209
0	0	0.9509742524521434
1	1	0.8340368026507683
1	0	0.6852966866238246
0	1	0.7100181480263138
0	0	0.903712350970618
0	0	0.7872125018721565
0	0	0.6495118210503863
0	0	0.8470715390095589
0	0	0.9216818658401023
0	0	0.8603450152945592
0	0	0.8611757020693372
0	0	0.9464627163427225
1	1	0.8977583006332566
0	0	0.6945809593956866
1	0	0.8371030372425633
0	0	0.847832452856309
1	1	0.7831246762862117
1	1	0.7948851976459848
0	0	0.7983944609016193
0	0	0.5611959604104327
1	1	0.8358442074701322
1	1	0.7005217710500453
1	1	0.5874650276631045
1	1	0.9991721969023135
1	1	0.5733455631146188
1	0	0.5838281684531306
1	1	0.8224632315913443
0	1	0.6944769126248312
0	0	0.6000316063027189
1	1	0.9940950060219025
0	0	0.9084711802984815
0	1	0.514053719654551
1	1	0.8541719047542663
1	1	0.7005565018379497
1	1	0.5113129968160313
1	1	0.5518421687740424
0	1	0.5253095176743621
0	1	0.5435738363977526
1	1	0.6088175854854585
1	1	0.7075253046700403
1	0	0.8215247460047246
1	0	0.7828984642142446
0	1	0.8641013493562457
1	1	0.983934148994533
1	1	0.5435292501947467
0	0	0.8255947496359827
1	1	0.5917346101868357
1	0	0.636041948090017
0	0	0.614420422402838
1	0	0.5295899608229121
1	1	0.9320938385196696
0	1	0.5632567890319844
0	0	0.6224339010673121
1	1	0.9889595335244141
0	0	0.8944687344325978
1	1	0.6220742374090371
1	1	0.780698511903125
1	0	0.8389460846915628
0	0	0.6045938945145831
0	1	0.5332989439518196
0	0	0.6611666978213582
1	0	0.5519931661024676
1	1	0.8979846870162571
0	0	0.7743224010887649
0	0	0.6500352124049669
0	0	0.7153535712569712
1	1	0.6976795516725511
0	0	0.8281826669273541
0	0	0.7035126788436703
1	1	0.722745910170114
0	1	0.749281467979837
0	0	0.8337386140571301
1	1	0.9707708169817937
0	0	0.9508543279322232
1	1	0.8339887371577325
0	0	0.8297136624515232
1	1	0.6973254762427763
1	1	0.9885818303180631
0	0	0.9503664430880859
1	0	0.5486521755622322
1	1	0.8660689521423051
0	0	0.9925091309640894
1	1	0.7835831429380884
1	1	0.67140705620486
1	1	0.9333637813389299
1	0	0.9036737353293541
0	1	0.7929291642241749
1	1	0.8639048313659969
0	0	0.9556197602193849
1	1	0.955056722892637
1	1	0.6750903139879044
1	1	0.7442583877971071
1	1	0.9181774740259249
1	1	0.6216884371563361
1	1	0.7437549547695086
0	1	0.7093992993326435
0	0	0.5753882137377867
0	0	0.5764254491038867
0	0	0.9644147783210465
0	1	0.7752402618094116
1	1	0.9161733457282025
0	0	0.6346670091397051
0	1	0.79253529911312
0	0	0.9671560504015755
1	1	0.519702315111322
1	0	0.6195603162675484
0	1	0.8012749764906425
0	0	0.7685844433380685
0	1	0.6326771288992887
1	1	0.9346656915410319
1	1	0.832234858732744
1	0	0.5972288286181964
1	1	0.6310000039413891
1	1	0.9767869145038709
1	1	0.9734892200759325
0	1	0.5363182638356647
0	0	0.555963779282539
1	1	0.7293361304123377
1	0	0.8225987304237712
1	1	0.760836466796342
0	1	0.5126308177466501
0	0	0.6328488322972048
0	0	0.7264501171606642
0	1	0.8098234908145754
0	1	0.7023186486689532
0	0	0.7499180021280731
1	1	0.709901902233258
0	1	0.9719588665025491
1	1	0.9212578983475952
0	1	0.8472425025933548
0	1	0.6563424979477485
1	1	0.8990388842570468
0	0	0.9638946461187587
0	1	0.7295205479934491
1	1	0.9291203602454702
1	1	0.5261717131825365
1	0	0.6683838061558184
1	1	0.8829656443289254
1	0	0.7602670045018203
0	1	0.8181788622614734
1	1	0.7033097746462376
0	0	0.7919489726650099
1	1	0.8979840402694693
1	0	0.7530328935613321
1	1	0.5955713984901048
1	0	0.762636977446598
1	0	0.5711198880393518
0	0	0.8548206509709639
1	1	0.9539971291836526
1	1	0.9023158630820617
1	1	0.7893728017870363
0	0	0.9297961435287612
0	0	0.7307518409971068
0	0	0.7876553790531978
1	1	0.511561559262158
1	1	0.9084587224940386
0	0	0.9950762572582683
1	1	0.8999262764735109
0	0	0.9278288106987385
0	0	0.8694241971126908
0	0	0.8628217538890237
0	1	0.5278188003556762
0	0	0.7625502590257149
0	1	0.9487400303491548
0	0	0.509675862124144
0	0	0.5013487314095713
0	1	0.8308317736293881
0	0	0.5660997192341376
0	0	0.7732370685898331
0	0	0.8285561074677508
0	1	0.8409438255808545
0	0	0.6045965689706198
0	0	0.7595581593082736
1	1	0.6338836123948307
1	0	0.6189637645142415
1	1	0.7490124385008617
1	1	0.5465206045984471
0	1	0.7585075307679632
0	1	0.6211957865349131
0	0	0.8952658017448983
1	1	0.9653154231409603
0	0	0.7457552256667155
1	1	0.681486342893987
1	1	0.6658852822446493
1	1	0.8283205401717538
0	1	0.5122732920185853
0	1	0.5198644099958948
0	0	0.6065511388861344
1	0	0.5490753686490732
1	1	0.8046646974170176
0	1	0.6545857795489768
1	1	0.7464799089970215
1	1	0.9983197181173867
0	1	0.72886235519782
1	1	0.7503638624493179
0	0	0.8538997089446989
0	1	0.9727465245313741
0	0	0.7871371197258754
0	0	0.7916420473169673
1	0	0.6664349264786261
0	0	0.9841959656314209
1	1	0.9103631183539254
0	0	0.7783560924504533
0	0	0.9372074880288364
0	0	0.6727416020136403
1	0	0.9707273160767879
1	1	0.7699846229104563
0	0	0.8587702853968454
1	1	0.6112910892740684
0	0	0.9342289761518536
0	1	0.520049122304542
0	0	0.9767939360668316
0	0	0.6554666952679925
0	1	0.5002660912047049
1	1	0.7410792927391485
0	0	0.6554883971070715
0	0	0.920005649982983
0	0	0.8742057796617706
1	1	0.5054510893714366
1	0	0.6802737127936291
0	0	0.9425669835937567
0	1	0.6157158103696453
0	0	0.7806921322334474
0	0	0.6652764624226573
0	0	0.5232168249882142
1	0	0.7987237405742184
0	1	0.8105390568201698
1	1	0.5493688321120382
0	0	0.7180665694929123
0	0	0.5697043262696149
1	0	0.6203151385285066
0	0	0.9287612224488009
0	0	0.5589477530661462
1	0	0.9328794776602466
1	0	0.5896414962816652
0	1	0.5385683652005009
0	0	0.8250659948368093
1	1	0.6138535403755778
1	0	0.8948595976207077
0	0	0.9253979281250581
0	0	0.5745736025147783
0	1	0.6321255291175324
1	0	0.6064776932085552
0	0	0.6145592228714549
1	1	0.9161469232308712
1	0	0.8198321715476486
1	0	0.6679298736980961
0	0	0.7578516995119683
1	1	0.7819449112047087
1	1	0.9792544280620898
1	0	0.5283201480735658
0	1	0.7464981207199063
1	1	0.5840463325066545
1	1	0.882848206504939
1	1	0.802355069851001
1	1	0.6030505067503434
0	0	0.7579555981354261
0	1	0.58860995467725
1	1	0.9825552520151707
0	0	0.7709826430957138
0	0	0.8966502384720578
0	1	0.6704089545614954
1	0	0.5158104459510522
1	0	0.6027018271072475
1	1	0.8238080373739449
0	0	0.587263154715191
1	0	0.5228956675578998
1	1	0.7081806126377325
0	0	0.6535056968405855
0	0	0.7210741832113269
1	1	0.7948238251241863
0	0	0.8349337363315619
0	1	0.5982187082290958
1	1	0.5706778847947447
0	0	0.5750920378700817
0	1	0.7413412259916681
0	0	0.6657511122391293
1	1	0.8426034109516178
0	0	0.7369463213158529
1	1	0.7421597647469468
0	1	0.9471283052113066
1	1	0.5867679868249225
1	1	0.9276455930366716
0	0	0.5803237685894485
0	0	0.7944446634431014
1	1	0.7637980730791294
0	0	0.6507050970012157
1	1	0.6443682782063608
0	0	0.5255002406022524
1	1	0.9399349256453275
0	0	0.8092227226238455
1	1	0.8630820031880615
1	1	0.9525877041093886
1	1	0.9045999451244595
1	0	0.716919579320606
0	0	0.517169638807684
0	0	0.6891771420483123
1	1	0.7701329958275336
1	1	0.8530002588038352
0	0	0.729546103955901
0	0	0.5353290185965051
1	0	0.791883106168089
0	0	0.8805032147116297
0	1	0.5794488459612734
1	1	0.7133034396528717
0	0	0.7292828177523699
1	0	0.5179793989668675
1	1	0.9577046960461862
0	0	0.7781209126260062
1	0	0.8449602311826493
0	0	0.5607342988836891
0	1	0.911070991786006
0	0	0.7340350750031326
0	0	0.6437704105485734
0	0	0.7726646303365673
0	1	0.6334986531495185
0	0	0.8515517127668782
0	0	0.6222524570755756
0	0	0.7668987413502609
1	1	0.9417714208892215
0	1	0.5514923135635252
1	0	0.74758751615496
0	0	0.8121644747057637
1	0	0.933085077006379
1	1	0.612019805675107
1	1	0.7637071903059212
1	1	0.815076795922888
0	0	0.9715899132419143
0	1	0.6286430797249947
0	0	0.8897665298362814
0	0	0.680361031304566
0	0	0.7844826812101815
1	0	0.6917611797034939
1	0	0.854764287125626
0	0	0.7989549869993084
1	1	0.8155206238397398
0	0	0.869720844660245
0	0	0.6808409485368339
1	1	0.7873800586553263
0	0	0.8518498222987321
1	1	0.7207711665617981
1	1	0.7172872709868672
0	1	0.7265503195336537
0	0	0.7927414291581606
0	0	0.9075667755488985
0	1	0.7843787925941315
0	0	0.733797931547048
1	1	0.5550715651727971
0	0	0.9365279668916477
0	0	0.8616083383122465
1	1	0.9990238985744344
0	1	0.6241000089508192
0	0	0.7310653919583389
0	0	0.7924197683583594
1	1	0.9724799585826001
1	1	0.8692622660632039
0	0	0.9255800825479532
0	0	0.7469322718442271
0	0	0.5039276132346006
0	0	0.6470543134065159
0	0	0.9201260737783004
1	0	0.6341613837775898
1	1	0.5293321227440307
1	0	0.5547563883587743
1	0	0.6438086215881527
0	0	0.8150891551746704
0	0	0.7750566654316543
0	1	0.7145649719920686
1	1	0.6975769467271331
1	1	0.8942601065463438
0	0	0.5855968505031965
1	1	0.8687562478532529
0	1	0.517052053335693
0	0	0.6837468235819649
1	1	0.8520284330545467
0	0	0.8288094077170007
1	1	0.6613429117704818
0	1	0.8430211335654826
1	1	0.8506032435488909
0	0	0.7956846498282575
0	1	0.8411207861919193
0	0	0.5490851246336601
0	0	0.8504486340065118
1	1	0.691543416289365
1	1	0.8320343682053131
1	1	0.8493098172285389
0	0	0.6152756462043069
1	1	0.864795585155047
0	0	0.6417080447943858
1	1	0.6565537133849613
0	1	0.7606253166174864
1	1	0.5703795346895758
0	0	0.685660202687087
1	1	0.6808184430541634
1	1	0.6665595409472975
1	0	0.7131939395760054
0	1	0.551331425235787
1	0	0.9324853659047477
1	1	0.913413428707027
1	1	0.9068654673378864
1	0	0.7254001037140688
0	0	0.8155277701793993
1	0	0.5528562437368781
1	1	0.9445719425195175
0	0	0.9673372176783707
0	0	0.6433975119596564
1	1	0.5440630248842832
1	0	0.8358780791836188
0	0	0.5073823426399913
0	0	0.7720170905900763
1	1	0.6483337945459527
1	1	0.8241580205403984
0	0	0.569013408700967
0	0	0.9511448703557401
0	0	0.5024699967197772
0	0	0.8524133359168645
1	0	0.8440206264078398
0	0	0.9628097082886762
0	0	0.8161167743275067
0	1	0.5443516648681966
1	1	0.7417795061977798
0	0	0.7025978589656316
1	1	0.5322761095548502
1	1	0.8895562536910968
0	1	0.898838605690143
0	0	0.7831684970271386
1	1	0.6426672305815069
0	0	0.5079296029382854
1	0	0.5076312930049363
1	1	0.6863653694097706
1	1	0.9452883181610072
0	0	0.7547863323877178
0	0	0.5658940038645933
0	0	0.7675871554009499
0	0	0.5012642213382332
0	1	0.645417456829052
1	1	0.518699893112297
0	0	0.5781125060723562
0	0	0.9034330998227966
0	1	0.5652606240392518
1	1	0.8673726006112673
1	1	0.7319232809563327
0	0	0.842047243655441
0	0	0.5892462218649197
1	0	0.7884603839327298
1	0	0.7193411904340248
1	1	0.5094264361804589
1	1	0.7728955273494873
1	0	0.605864607638626
1	1	0.6438530054393198
0	1	0.762308621005431
1	1	0.8961491473403455
0	0	0.825623224913275
1	1	0.9286885564727091
1	1	0.6425034540918966
0	0	0.8065194800958557
1	1	0.7956485249391184
0	1	0.6216838497307041
0	1	0.7374982658980913
1	0	0.5415118744082191
0	0	0.7649231992724984
0	1	0.643780503404921
0	1	0.8058706041911482
1	0	0.6919937310371407
1	0	0.7920479903702674
1	0	0.7304595207979897
0	1	0.9282605552812778
1	1	0.9374969163462361
1	1	0.9277732826792763
0	1	0.7694814447452458
1	1	0.849919922457655
1	0	0.7283460974874052
0	0	0.5426566505779757
1	1	0.6739356539319046
0	0	0.9308616838067805
1	1	0.7339640234532065
1	0	0.6900807491909304
1	1	0.6572762664894629
0	0	0.8110079849441948
1	0	0.8708706616771285
0	1	0.5377850270015351
1	0	0.5161474505143779
0	0	0.6209068607963291
1	1	0.9483421585296278
0	0	0.7021862800558005
0	0	0.772578131322921
1	1	0.8906665217731075
0	0	0.730623077838439
0	0	0.916156538180779
0	0	0.9600238024091985
0	0	0.9071433423977507
1	1	0.5358511471677045
1	0	0.5786007842043004
0	1	0.6986876157676903
0	0	0.8656271369988047
1	0	0.9190432744780236
0	0	0.902481986194466
1	1	0.5622817544735482
1	0	0.8832972684659448
1	1	0.9833791483634348
0	0	0.914826883670673
0	0	0.7829985233134122
0	0	0.818386213245218
0	1	0.6685489849496762
1	0	0.6800544232870236
1	1	0.6616755318661426
0	0	0.635306375766929
0	0	0.6857107594377018
0	0	0.7082153398477329
1	0	0.7411938937979947
1	0	0.5106398043578622
1	0	0.8762550488740215
1	1	0.8500200533973333
1	1	0.5408919760844996
0	0	0.6197931559819236
0	0	0.6932972478828765
1	0	0.5697889174246735
1	1	0.965193577397404
0	1	0.69907347287519
0	0	0.9610702979078267
1	1	0.8289879465347059
1	0	0.8924732502265867
1	1	0.8755891856352892
0	0	0.5933939112129252
1	1	0.9970106891531352
0	0	0.8279705085324731
0	0	0.705857353787964
1	1	0.5457806606715233
1	1	0.9934460826778266
1	1	0.818333403290633
0	0	0.5366515464456202
1	1	0.5736151770895072
0	1	0.9398139385346073
0	0	0.9885707705407822
0	0	0.8360030038458913
0	1	0.6058673961256503
0	0	0.6179657463756554
0	0	0.6799772627937497
1	1	0.513600645728276
1	1	0.9861297227266678
0	0	0.5814220127212126
0	0	0.8663713734701781
0	0	0.9938599494626948
1	1	0.6389154113956432
0	1	0.55412432045224
0	0	0.7810207076420145
1	1	0.9655006703302972
1	1	0.7874332295837311
0	0	0.7985695634534944
1	1	0.7292803085243245
0	1	0.7886533833480583
1	1	0.6245837562078415
1	1	0.986142370873261
0	0	0.7474057935897565
0	0	0.8381058119720701
1	1	0.9680103625817446
0	1	0.5239712612340897
0	0	0.7125919885868673
1	1	0.9383481524372387
1	0	0.5366446785339107
0	1	0.6824768798616337
1	0	0.6725019826260542
0	0	0.7374620529088838
1	1	0.7494362505909661
1	1	0.9842523233696245
1	0	0.570591479231669
1	1	0.5902995958860484
1	0	0.5906722860697307
1	1	0.5429097900631675
0	1	0.5485890262771659
0	0	0.8422302591750555
0	0	0.703345832755341
0	1	0.8271350945190606
1	1	0.5167255564957723
0	0	0.8105477412443594
0	1	0.5740434705100627
1	1	0.9932299523707605
1	1	0.5262270313459696
0	0	0.8287296448283225
0	0	0.8400934367437812
1	1	0.7492172027249246
1	1	0.8692807148873819
1	1	0.6282382946747019
1	0	0.5780571568670383
0	1	0.9153139913768504
1	1	0.7429330666723766
0	1	0.6177612204018965
1	1	0.7763836081554046
0	1	0.5687716071466812
1	1	0.9514653027330809
0	0	0.8455559727061756
0	0	0.5693901272538862
0	0	0.7540126984836396
0	1	0.8785530781452282
1	1	0.6630014285856853
1	1	0.9117390493849991
0	0	0.5146910950821182
0	0	0.917299473891446
1	1	0.523638065264208
1	0	0.7829985233134122
0	0	0.9725767822868436
1	0	0.8223400455260126
0	0	0.9505471174684296
1	1	0.6848120505012342
1	0	0.923701351281394
0	0	0.8585316894220676
0	1	0.7091017880718342
0	0	0.6248717366243748
0	0	0.7546050476296848
1	0	0.8293340375870061
1	0	0.5205421036537203
1	1	0.6252537947430468
0	0	0.9785721233115247
1	1	0.5820522982533926
1	1	0.7096972727852657
1	1	0.9375307952497105
0	0	0.5342603026770358
1	0	0.9071999200521049
0	1	0.9501991689653123
1	1	0.5254462753865
1	0	0.5553655450360944
0	0	0.6871332776449091
1	0	0.7939478298880966
1	1	0.7155859907874741
0	0	0.9104970430581055
1	1	0.7443118962230124
1	1	0.5102146371888111
0	0	0.6381914647395504
1	1	0.5315055931427228
0	0	0.6315220072282013
0	0	0.6927568361444887
1	1	0.9495363245448456
0	0	0.8476212327518244
0	0	0.9915789396064892
1	1	0.6623746019870994
0	1	0.5461780853579902
0	0	0.5126021579206672
0	1	0.5332904324823718
1	1	0.9658021891940565
1	1	0.7430894189370382
1	1	0.8389142993071196
0	1	0.878867217595585
1	0	0.5042686898790549
1	1	0.6094942344376019
0	1	0.6046489387604282
1	1	0.8827933923961672
0	1	0.8685413115003281
0	0	0.9085241532269176
0	1	0.9804592266807309
1	1	0.6889513948117794
0	1	0.8620185399402902
1	1	0.8865754809644036
1	1	0.9362416541244099
1	1	0.9972859598541902
1	0	0.5983909055421568
0	0	0.7328006894515544
1	1	0.7200169261561964
0	0	0.8204049525551292
0	0	0.8267102976938561
1	1	0.7563123877076772
0	0	0.7255264560612305
0	0	0.8776983952150141
0	0	0.5901128927536461
1	1	0.7391973946130093
0	1	0.7141120900422638
1	0	0.5592064785266667
1	0	0.834896209697231
0	0	0.8482318675121854
0	0	0.7169759025888152
0	1	0.5444685940266935
1	0	0.8186548358806918
1	0	0.5856572670079376
1	1	0.7773833447391445
1	1	0.840573846156593
0	0	0.9361799584646532
0	0	0.8971683931980546
0	0	0.7018673506688033
0	1	0.6237926069742877
1	0	0.7072592634311903
1	1	0.8497991650238313
1	1	0.9654747722873129
0	0	0.8186779527246805
1	0	0.7750261047399688
1	0	0.7589251720795875
1	1	0.8414890884844209
1	1	0.8198717675744883
1	1	0.8912412703923678
1	0	0.6060220199722126
0	1	0.9247600756859045
1	1	0.6079805034086951
0	1	0.558328660730459
1	1	0.539657291290013
0	1	0.9082430024379291
0	0	0.5270494482745254
0	1	0.521507502260104
1	0	0.528222598294465
1	1	0.5453119647928861
1	1	0.6141205143025015
0	0	0.7968596880115328
1	1	0.5970043391238447
0	1	0.6226652207503228
0	0	0.5231021870137139
0	1	0.5220931369225277
0	0	0.714917943750358
0	1	0.6924585272137479
1	1	0.6081136319476486
0	0	0.6649141631133897
1	1	0.6893574380726128
0	1	0.6179541010085545
1	1	0.9859012926539416
0	0	0.8798732275958906
1	1	0.6418764896973564
0	1	0.9859517342166405
1	1	0.958108024660124
1	1	0.767285878808824
1	1	0.6482299485310583
1	0	0.6052966498137593
0	0	0.9352599962935717
0	1	0.6690194424577126
0	0	0.6548148658924857
0	0	0.9238499120089726
1	1	0.9428846032720353
1	1	0.8224723284691842
0	0	0.7611692214852237
1	1	0.8381715399666709
1	1	0.9942937567247052
1	1	0.9061683507149255
1	0	0.6565162959369842
1	1	0.6186528306356845
1	0	0.6070460248608868
1	1	0.8306321823693232
0	0	0.9940675014300289
0	0	0.6246951206309482
1	1	0.6507011825836817
1	1	0.6448869710654423
1	1	0.599700644863443
0	1	0.7489295480542256
1	1	0.9974773248133055
1	0	0.5610710543137459
1	1	0.9546191997081803
1	1	0.8267330108767372
1	1	0.7957215157430063
1	0	0.6886353739211384
0	1	0.5920402388897402
0	0	0.7977439730430195
0	1	0.8066619730921389
1	0	0.604150395359196
1	1	0.949050630949175
1	0	0.597541149085993
1	1	0.8744409785825333
1	1	0.8383760842654451
0	1	0.6847335932109943
1	0	0.7644496724339017
1	1	0.7887706740693115
0	1	0.5925001498601291
0	0	0.8586938102866487
1	1	0.7003980985822434
0	0	0.8364882982251395
0	0	0.8649701320555565
1	1	0.9201865519079822
1	0	0.697787581499858
1	1	0.7974754486055942
0	0	0.8718643342453901
0	1	0.5557857419828641
1	1	0.912081920311439
0	0	0.8462605474770915
0	0	0.8261002162294773
1	1	0.5159002270665533
0	0	0.5646862120614583
0	0	0.5789626547707185
1	0	0.5602586858711865
0	0	0.8287994967150848
1	1	0.8314049143912166
0	0	0.6802715909298529
1	0	0.9386098374406187
0	1	0.6924327134012438
0	1	0.6697614538885583
0	0	0.9019631040291817
0	0	0.962989215663862
1	1	0.6978871366256617
0	0	0.7832909299735482
1	0	0.5046261903057101
0	0	0.8536164300697571
1	1	0.5285144010958464
1	0	0.8431826654055948
0	0	0.5515039176949357
1	1	0.5847761948582891
0	0	0.8783864369786881
0	0	0.6745218860271369
1	0	0.7713000843094246
0	0	0.6782601608382238
0	1	0.5691069266668322
0	1	0.5112781078670172
1	1	0.9851430352846695
1	1	0.676635757069602
1	1	0.8888565968155472
1	1	0.9784390755909116
1	0	0.5215288863965765
0	0	0.8674481442396398
1	0	0.8097903464755223
0	0	0.918966862201014
0	0	0.8744317158389563
1	1	0.5801717339412241
1	0	0.6652381971611248
0	0	0.6198718885310627
0	0	0.8903409508423715
0	0	0.752717543977816
0	0	0.5850447366480758
1	0	0.7648000866850639
1	0	0.9605918588696035
0	1	0.5247374077628327
1	0	0.6517340825961232
0	0	0.8211215673068395
0	0	0.9517848757483656
1	1	0.7257571020881424
0	0	0.5927215875177216
1	1	0.8905192570690931
1	1	0.9268596256520852
0	1	0.9265339235681075
0	0	0.548333229027548
0	0	0.9189514630936912
0	0	0.5965263056424466
1	1	0.8579929684887071
0	0	0.7210069545031421
1	1	0.7266375976726427
0	0	0.5181406993201021
0	1	0.597912692170366
0	1	0.6397036255948967
0	0	0.5879622894671808
1	1	0.5455924134310519
0	0	0.701075596990419
1	1	0.7163632056530761
0	0	0.827256508548385
0	0	0.7201209901643568
1	0	0.7248377910986072
0	0	0.7276800732731804
1	1	0.8586658748966942
0	0	0.5256155455394143
0	0	0.9276512680572792
1	1	0.5902214935793187
0	0	0.7927416697431732
0	0	0.5872168879786973
1	1	0.5936554780744361
1	1	0.9990333197451545
0	0	0.738149812840462
0	1	0.8630581159977414
0	1	0.7553211237302542
0	0	0.8666692559090834
1	1	0.5701417596211005
0	0	0.8629659013846867
1	1	0.74813577797107
1	0	0.5669424495128582
1	1	0.8104519752846147
0	0	0.8914782846707431
0	0	0.7477786142882512
1	0	0.5102406979906576
0	0	0.8713438200768475
0	0	0.7621990111762225
0	0	0.9570931364474694
0	0	0.6736421708581417
0	0	0.66595850547517
1	0	0.8982050416722395
1	1	0.8819702603672892
0	0	0.6520261091172526
0	0	0.9521119009827861
0	0	0.6877900407449622
0	0	0.6978004398439024
0	0	0.8101492571617537
1	1	0.8432385470906804
0	1	0.9522417514732976
1	0	0.7424620398986946
1	1	0.9236660386969854
1	1	0.6620200040018478
0	1	0.7246709182507037
1	1	0.993994609245235
1	0	0.5882247726444545
1	1	0.733553990695589
1	1	0.8817721359132791
0	0	0.7250577763186183
1	0	0.7413001719009253
1	0	0.5916829458450223
0	1	0.6002921752514515
0	0	0.8185964729035183
0	0	0.5470718281189011
1	1	0.5950277017494578
0	1	0.783834509006837
1	0	0.6936091061577618
1	0	0.6956009685526863
1	1	0.6723800341734173
0	0	0.6847116020596122
0	1	0.5158359220534671
1	0	0.6953174685574068
0	0	0.6828925639082988
1	1	0.9781468492029359
0	0	0.6419873366296946
1	1	0.6643347138932066
0	0	0.5530422040057974
0	0	0.6841318185397934
0	0	0.8270663330602891
0	0	0.8371985364877352
1	1	0.6738160023507007
0	0	0.5171241658957998
1	1	0.7527590635262102
0	0	0.6770258269831539
0	0	0.544792274698916
0	0	0.649111653020501
1	1	0.872039889401996
0	0	0.9634748854939257
1	1	0.997600809282444
1	0	0.6638767042038509
0	0	0.7864515129452795
0	1	0.8153526200975539
1	1	0.9935881711235506
1	1	0.9159206882057226
1	1	0.9747538027174664
1	1	0.6755175669560591
1	1	0.6662128879455467
1	1	0.5998865155863532
0	0	0.8527844031630103
0	0	0.7333444879762987
1	1	0.9833636954944982
1	1	0.9245859171403177
0	1	0.7497610577843153
0	0	0.5942886355531378
1	0	0.533952211866016
1	1	0.9223532699048337
0	0	0.6508130914797197
1	1	0.928885967927809
0	1	0.7350282601811317
0	0	0.753117915876815
1	1	0.7088049303288371
1	0	0.7011753874041697
0	0	0.6693488835101807
1	1	0.9954612694616366
1	1	0.6635647603841919
1	1	0.5798137041362666
1	1	0.8183729147782461
0	1	0.6140459845350577
0	0	0.5654631783323756
1	1	0.5500657845397398
1	0	0.521524777886561
1	1	0.9989718848679333
1	1	0.6054823925241126
0	0	0.6436675131802243
0	0	0.8692700787394818
0	1	0.8604099153732457
0	0	0.6245329025017725
1	0	0.7724595987275282
0	0	0.8985348686083304
0	1	0.5743523903893233
0	1	0.6366627054860396
0	0	0.6876300806544564
0	0	0.6340753466801079
0	1	0.7798887319717135
0	0	0.589245937862236
0	0	0.9064808788325023
1	1	0.7291879743060359
1	0	0.5556924811311426
0	0	0.7829985233134122
1	1	0.7333510492284454
1	0	0.8882327870858304
0	0	0.5164115325149835
0	1	0.5280663785567887
0	0	0.9311619655476278
0	1	0.6483949406688139
0	0	0.9188701091558032
1	0	0.7897991173847103
1	0	0.5792429726849104
0	0	0.6404505012228148
0	0	0.5599640057840123
1	0	0.7699958721606801
1	1	0.9137221768331099
0	0	0.9644985360768863
0	0	0.7693437931697137
0	0	0.8485845490558434
1	0	0.9022494166879189
1	1	0.6838479210315654
1	1	0.6134521188214087
0	0	0.8031630666112349
1	1	0.9568213352385553
1	1	0.5950848239800036
0	0	0.6222573219293062
1	1	0.5266766757198702
1	1	0.5548212852809152
1	1	0.5006462103327164
0	1	0.8320858688138625
0	0	0.8654312180145814
1	0	0.7320747646760889
1	1	0.9291747483565578
0	1	0.7615135885910904
1	0	0.701410228564181
0	0	0.8150411295507802
1	1	0.7237274541125059
0	0	0.6888659116989571
1	0	0.7145327501148193
1	0	0.5179199972574695
1	1	0.591523368602604
1	1	0.8909606342937925
0	0	0.8358821670397216
1	1	0.8294557838793529
1	1	0.5502474648000385
0	0	0.8299390289535571
0	0	0.7965427214450238
0	0	0.7952806599908151
1	0	0.8391486512367106
0	0	0.8516121627148865
1	1	0.9978669601764616
0	0	0.9233407783158596
1	1	0.9207510236462236
0	0	0.8405658569629055
0	0	0.5980240042472853
0	1	0.7085920080700104
0	0	0.8094308838300346
1	0	0.5808052323910222
1	0	0.5930503284508204
0	0	0.5605451884098216
1	1	0.7879802682576502
1	1	0.882256963641518
1	0	0.5962034625238004
1	0	0.6339622677983304
0	0	0.9598007170939364
0	0	0.7812797486918419
1	0	0.6208041407268021
1	1	0.9815297085667821
1	0	0.5302793152236307
1	1	0.6707821900442096
1	1	0.9145761106931055
0	0	0.5410874487760305
1	1	0.9225328469454515
0	0	0.8985797979016827
1	0	0.6843172277327192
0	0	0.5876334009730193
0	0	0.5918663399991608
1	0	0.7101906228878457
1	1	0.8277171722067005
1	1	0.5155160273459314
0	0	0.9373230206732504
1	0	0.6991649641366229
0	1	0.6355950333545455
1	1	0.88266970233426
0	0	0.709956512701029
0	0	0.6284631737773121
0	0	0.7286804302289005
0	0	0.6398744310090736
0	0	0.9293920971911199
1	1	0.5815907018287287
0	0	0.7172576300087816
0	1	0.6482549856114119
0	1	0.7668714828751759
1	1	0.5681877733615237
0	1	0.9101480613521733
1	1	0.6835002586966905
0	1	0.5084257308813489
0	1	0.5805414433530517
1	1	0.8823530637457166
1	0	0.5719997972159837
0	0	0.8687584622783942
0	1	0.8350660128809461
1	1	0.5923144865306802
0	0	0.5381977750315656
0	1	0.6453184804711812
1	0	0.8898876091699739
0	0	0.5274745034633865
1	1	0.5291562936438313
0	1	0.9735810016435854
0	0	0.5691263137909691
0	0	0.5535081090492325
0	0	0.5357583549552918
1	1	0.7786030903035706
0	0	0.8292661736419173
1	1	0.855853797657028
1	1	0.6216825586598809
0	0	0.6957010114784845
0	0	0.5637122248321594
1	1	0.6518975207835616
1	1	0.9375711252096756
1	1	0.9191924145565624
1	1	0.9339138102329232
0	0	0.962655847337357
1	1	0.8309670631400579
1	0	0.5018574727009394
0	0	0.586766607683862
1	1	0.8764456687016787
0	0	0.5989545891756858
1	1	0.9237954007542967
0	0	0.6730959635631024
1	0	0.7915218566521062
1	1	0.892508570185211
0	0	0.9629018305589868
1	0	0.8267258685615578
0	1	0.5974972985751217
1	0	0.630293342309813
1	0	0.9068479999856056
1	0	0.8340793241914028
0	0	0.8427151444195942
0	1	0.7525291630298961
0	1	0.8945847696386823
1	1	0.6283246209097605
1	1	0.9282912075392394
0	0	0.783333262562173
1	1	0.660695533621505
0	0	0.7877922346758433
0	1	0.7645605561902618
1	1	0.628330880468163
1	1	0.5494344241469928
0	0	0.8769476329261143
1	1	0.895528278497228
0	0	0.6846128981859912
1	1	0.6103374284217333
1	1	0.7322199804725232
0	0	0.5972695330491287
0	0	0.71511956739176
1	1	0.5450019548557901
1	0	0.5581415611976813
1	1	0.8591059967965491
1	1	0.9284585295080596
1	1	0.7578704223221226
1	1	0.7500424782216197
1	0	0.5084811794588077
1	1	0.9771780486520705
1	0	0.5972039293354405
1	0	0.7308749364234624
0	0	0.7808251150222659
0	0	0.6768147201712703
0	1	0.5763382492811941
0	0	0.6555943972384353
0	0	0.8658019391215283
0	1	0.5854497318780008
0	0	0.7025770846173766
0	0	0.8011659181970314
0	0	0.9702301222186465
0	0	0.7896922464470333
0	0	0.8469245415090916
1	1	0.7071319926711749
0	0	0.5925535067791019
1	1	0.9953189400516206
1	1	0.9642533963184162
0	0	0.5423443381119011
0	0	0.6115201141958433
1	1	0.5719652955654009
1	0	0.612903348214165
0	0	0.7172008070081493
1	0	0.719465063689781
1	1	0.5428906326526024
1	1	0.6831901730562531
0	0	0.7318768542679682
1	1	0.9188981792707188
0	0	0.8872871748765134
0	0	0.9275300229864796
1	0	0.5648698060331805
0	1	0.5756212872939711
0	1	0.7642978141043381
0	0	0.8985328564079266
1	0	0.6581713951815951
0	0	0.9191228938491836
1	0	0.7863459640436968
0	0	0.9307304792950708
0	0	0.7685779031251299
0	1	0.8316353103984265
1	1	0.9065036314352354
1	1	0.8142429010790265
1	1	0.6872739410694803
0	0	0.869239110523354
1	0	0.5873019493310224
0	1	0.7648530544663014
1	1	0.7343821818913949
1	1	0.8076625763339297
0	1	0.5556162493559174
1	1	0.7452713199572437
1	1	0.7498685941473553
0	0	0.5157201265841174
0	0	0.692282579836792
0	0	0.6405114458224521
1	1	0.7167934883086966
0	1	0.5998125414623834
0	1	0.7534576414641229
1	1	0.8276482876153742
0	0	0.6407192875539547
1	1	0.5304113600751076
0	0	0.525371316817142
1	0	0.7567120524850305
1	1	0.7272862253208446
0	1	0.737266072419095
0	0	0.5182751895786233
0	0	0.6347481000299076
1	1	0.6204031367990177
0	1	0.6346590953969207
1	1	0.948573952463162
1	1	0.736487937908799
1	1	0.9624462898555821
0	1	0.8973771611647399
0	0	0.648495282900019
0	0	0.5213477713701157
1	1	0.7676839362306284
1	0	0.8401657214924244
0	1	0.9577424112385599
0	0	0.8381401499379566
0	0	0.8216210483057403
1	1	0.9238279072168292
0	1	0.5634047142224599
1	1	0.789630515557239
1	0	0.8759985644673527
1	0	0.8819106673435466
1	1	0.9118627902643132
0	0	0.7478973402837761
1	1	0.8894916428051722
0	0	0.7027913147739727
1	0	0.529362238873091
0	0	0.7750254830700262
1	0	0.7707354382465368
0	0	0.6592226549125684
1	1	0.5055216726715587
0	0	0.5481965815977736
1	1	0.6059688226064585
0	0	0.8359967664258978
0	1	0.6494578729205963
1	1	0.8319021488032975
0	1	0.9273351597030464
0	0	0.8498758329838818
0	0	0.7150642242728911
1	1	0.8270282876589241
0	1	0.9412409623829925
0	0	0.5641650395034611
0	0	0.5413638526070226
1	1	0.9993551950684892
0	1	0.5991148831998607
0	0	0.7681879735802228
0	1	0.9278627986923836
1	0	0.7767806789369801
0	0	0.7727297357006568
1	1	0.9482131149705538
0	1	0.7461728500524019
0	0	0.7718548248645994
0	0	0.8483189309176882
1	1	0.994306785664237
1	1	0.5586556976237985
1	1	0.8807018868869578
0	1	0.7891659319703316
0	0	0.8036705750595556
0	1	0.6064250863974517
1	0	0.7265701516447861
1	1	0.8389507983566447
0	1	0.7461686806602055
0	0	0.5765653128903626
1	1	0.7522279242976193
1	1	0.865300330277626
1	1	0.9915032179707645
0	0	0.8420454421030396
1	1	0.993421826267196
0	1	0.8788578662899592
1	0	0.8230781413521082
0	0	0.5046598345817472
0	0	0.650400753771426
1	1	0.5520497189285107
1	0	0.7542995408208747
1	0	0.6405562636338111
1	1	0.8570212543885195
1	1	0.6145682977226217
0	0	0.5339776492012631
1	1	0.6052337675293044
1	0	0.6909626277662463
1	1	0.9409030931283142
0	0	0.545051406682955
1	1	0.5462621578940084
1	0	0.5067522095159289
0	0	0.6847079203261976
1	1	0.6770209493601793
1	1	0.8887573574342585
1	0	0.548369482459949
0	0	0.8063961488997801
0	0	0.8717425962211128
1	1	0.8982536512241669
0	0	0.8714083299217227
0	0	0.8288210824032902
0	0	0.7966810695090469
1	1	0.9954370315739399
0	0	0.6622508610270802
0	1	0.8366005211295638
1	0	0.5981008953352492
1	0	0.9072269316588815
0	0	0.5159848285163992
0	0	0.546031163456115
0	0	0.937950607336314
0	0	0.6238949173169798
1	1	0.683918522633821
0	0	0.8926800417289911
1	0	0.7261836292817838
0	0	0.9090404696789501
1	0	0.7217630724819845
0	0	0.6299460640979754
1	1	0.8428862072042916
1	0	0.5662745522017119
0	0	0.7289958568373329
1	0	0.6311829159142656
1	0	0.7582345211703154
1	1	0.553926429746671
0	0	0.7059806491368057
1	1	0.8124635104291612
1	1	0.7588975303652694
1	1	0.8764607222035424
1	1	0.9263626880966319
1	1	0.7890596508768798
1	1	0.9336924383422989
0	0	0.7322975293940406
1	0	0.7606935036153909
0	0	0.8634467428897892
0	1	0.5397881259632388
0	0	0.6442984970450437
1	1	0.507419739601441
0	0	0.6555515134633356
1	1	0.9551959891916243
0	0	0.7106039086589104
1	0	0.844704869420321
1	1	0.7153029643643775
1	0	0.8043672462488924
0	1	0.8988470291265958
0	0	0.5126727086141813
0	0	0.8241908761251697
0	1	0.935321495823355
1	1	0.9263138673329071
0	0	0.8261335018085576
1	1	0.9584898217711498
0	0	0.7495001402319277
0	1	0.5007048074465285
1	1	0.521522886399705
0	0	0.6505021882716715
1	0	0.5711665565745693
1	1	0.6354410603488491
1	0	0.6402441077620153
1	1	0.9461351846038267
1	0	0.7312833435908828
0	0	0.6929941465837823
1	1	0.6279828390836525
0	1	0.7890466013536098
0	0	0.5500268237134921
0	0	0.5128214219277382
0	0	0.9086933703317776
0	0	0.8672406979405739
0	0	0.651536713774014
0	0	0.6642427119201917
1	1	0.943917605421572
0	0	0.5515898381659521
1	1	0.9051034853535398
0	1	0.7964921284589795
1	1	0.7468135996820647
1	1	0.8612391701518942
0	0	0.8234096088639394
1	0	0.5723464882417667
0	0	0.6894306652868896
1	1	0.8806436643718115
1	0	0.5210913377646935
1	0	0.6660324968067843
0	0	0.9170961155122941
1	1	0.7386243556942584
1	1	0.886946104435527
1	1	0.5167983039817992
1	1	0.9451713984394607
0	0	0.9518591940226208
0	0	0.8254735456087058
0	0	0.7021930033891692
1	1	0.8422136175052574
1	1	0.6413845691036656
1	1	0.5001622078870984
1	1	0.9110755167235823
1	0	0.8181139097161636
0	0	0.8088080963772483
1	1	0.8173723213920302
1	0	0.7245900504787661
1	0	0.8044022689758598
1	1	0.9291414850441193
0	0	0.7750322362995349
0	0	0.8548730132713158
1	0	0.9001714021501626
0	1	0.6504685669087323
1	1	0.7886349632044656
1	1	0.5470114927229647
1	1	0.8836311989524605
1	1	0.687630473492759
1	1	0.8209398098828666
0	0	0.7540477105013614
0	0	0.5295938441235616
0	0	0.8950646307925927
0	0	0.9104707111222095
0	0	0.9234136744957063
1	1	0.7969872511860675
0	0	0.7511074397287872
0	0	0.9487966437095073
0	0	0.577924240544662
0	1	0.5071034951338909
1	0	0.6908149479806973
0	0	0.8088196018442942
1	1	0.705426273275833
0	1	0.9335072104897385
1	1	0.5148223071289288
1	0	0.5758834591823696
1	1	0.8223769129928664
1	1	0.7810171267532906
1	1	0.9101624115301966
1	1	0.8198632335867736
1	0	0.5067625225439839
1	1	0.853907069508096
1	1	0.7993368843325707
1	1	0.6805596415652135
0	0	0.5519033333409069
0	0	0.6619136502678136
0	0	0.7557146167901007
1	0	0.5501553409993692
0	0	0.8062684006448158
1	0	0.7079147943304827
0	0	0.6575314998182817
1	1	0.6187081922511459
0	0	0.6012825623922537
0	0	0.7822644181912695
0	1	0.6364289826577889
1	1	0.9614606491620755
0	1	0.823670031544447
0	0	0.8113493314811522
0	0	0.8541245570223993
1	0	0.6938618181001355
1	1	0.7920957499896208
1	1	0.9860193768667322
1	1	0.9375033842904613
0	1	0.8447509193270569
0	0	0.6564586148287654
1	1	0.8055096894464165
1	0	0.7147444165412711
0	0	0.5507911032432504
0	0	0.840225922278502
0	1	0.5703633190277344
0	0	0.6851451475931194
1	1	0.51857958029445
0	0	0.8427585265909023
0	1	0.5700849240977709
1	1	0.5130395699499748
1	0	0.8224000619336546
0	0	0.8501631124352649
1	1	0.7572390269891393
0	0	0.768815808048995
1	1	0.8423047683208171
0	0	0.9562179918777576
1	1	0.6939699617624979
0	0	0.9436657321222206
0	0	0.5295864947180664
1	0	0.7234487798510418
0	0	0.5861810645733805
0	0	0.7633868242323979
0	0	0.6337284993806076
1	1	0.849023824201726
1	0	0.5895683099914755
1	1	0.9021452176294128
1	0	0.7717720224251925
0	0	0.6626846813065282
0	0	0.8669714740069197
0	0	0.692692859277039
1	0	0.5917209973581966
0	1	0.5168270222121836
1	1	0.6181955175613926
0	0	0.7434285413125383
0	1	0.8226223971678708
0	1	0.5060114400820214
1	1	0.5446873242700808
1	1	0.584987114835311
1	1	0.6076486545770309
0	1	0.663147603971806
1	1	0.7429337559197793
0	0	0.8932034870532202
0	0	0.6109060210423258
1	1	0.6488219870194367
0	0	0.7343320726378691
0	1	0.6283554963064627
1	1	0.9070250615836526
0	0	0.5675697703256115
1	0	0.6346374970317992
0	0	0.7744963188715127
1	1	0.8746242813236603
0	0	0.5903958051214505
0	0	0.798081713330155
0	0	0.847956469353194
1	1	0.8390375725197725
0	1	0.8885082059405061
0	1	0.6951839710043939
1	1	0.7177963113952998
1	1	0.5918391968734315
0	0	0.7746418170621011
0	0	0.7360394920837554
1	1	0.7925117444077353
1	0	0.6050686796289884
0	0	0.7559515842289267
0	0	0.864152797782008
0	0	0.6412477880038395
0	0	0.8308934521503875
0	1	0.7755678390687132
0	0	0.7377164458312134
0	1	0.6319474441118506
1	0	0.524323758992457
1	0	0.5539422260163687
1	1	0.5568994855647307
1	1	0.7385242089732388
1	0	0.8589889215909858
0	0	0.7662655437055701
1	1	0.8656234690587586
1	1	0.5308316669605487
0	0	0.9804371859953036
0	1	0.7837654782718555
0	0	0.9725530841517546
0	1	0.6891707874440925
0	0	0.8352791393164926
0	0	0.5315350715959802
1	1	0.6288339849308919
0	0	0.755041821859869
0	1	0.9082718929490239
1	1	0.5161530849177629
0	1	0.524576017154149
1	1	0.6506473237157803
1	1	0.8143839196022739
0	1	0.520638627471626
1	1	0.7401486477140113
0	0	0.8326865799704235
0	0	0.5452937148914037
0	0	0.9417307460194085
1	1	0.9159609270142265
1	0	0.6109195895243666
1	1	0.8413853133824712
0	1	0.6118824078173486
1	1	0.8851046910323597
1	1	0.8053854625540736
1	1	0.8993189305911574
1	1	0.7089895699325968
0	0	0.7374122345137286
0	1	0.7750704505623286
1	1	0.9726514126245586
0	0	0.819989931972628
0	0	0.6484387713406337
0	0	0.9755408500923282
1	1	0.7316006633547106
0	0	0.8668044004484339
0	0	0.5260151923624843
0	0	0.6233822393849244
1	1	0.8831779795075955
0	0	0.973316598434441
1	0	0.6577433077303373
0	0	0.8173669174995567
1	1	0.5122636951629996
1	1	0.6526853227745084
1	1	0.8911342651277103
0	1	0.7889406295196177
0	1	0.6034287675878411
1	1	0.9069407316208401
1	1	0.7947582397545883
1	1	0.5778286030451992
0	1	0.6473565500397358
1	1	0.795954715684467
0	1	0.9038976351218025
0	1	0.7997316196469594
1	1	0.6823069792043598
0	0	0.831325369872189
1	1	0.5608642994041814
1	0	0.7232130574844216
0	1	0.8497096294983718
0	0	0.8264740274716539
0	0	0.883503940324355
0	0	0.6348450378408306
0	1	0.9046644915406009
1	1	0.9004087414446398
1	1	0.9118081651573536
0	0	0.8647949940745197
1	1	0.9897120154618168
1	0	0.5774740091134809
1	1	0.8530903409906719
1	1	0.5459030775136604
1	1	0.5436478631030083
0	0	0.7786826015039976
0	0	0.9198873574944608
0	1	0.523834891211974
1	0	0.6104861962044321
1	1	0.9732805724890603
0	0	0.8312629373961191
1	0	0.5339669882089184
1	1	0.6168183570267153
0	1	0.5441720024296093
1	0	0.9224821216560481
0	0	0.8447069044937925
1	1	0.7698838970960905
1	1	0.724762986660338
0	0	0.6305791189104859
1	0	0.6605133940700421
0	0	0.8384926760879867
1	1	0.7554828525166374
1	1	0.5836692028028054
1	1	0.8496113496915436
1	1	0.8041784797906352
1	1	0.7319820858847188
0	0	0.5861495734417999
0	1	0.6031557816632799
1	1	0.6623305610361598
1	1	0.6103108288911737
1	1	0.7586409895458975
1	0	0.6998462067893014
0	1	0.5557475756735326
0	1	0.8084388261564021
1	1	0.9218380843568856
0	1	0.5199351673370388
1	0	0.5328596012263478
